8.46292	0.243462	0	0	8.46292	0.243462	8.6	0.25	-3.00029	0
8.4485	0.251375	-0.00703465	4.16706e-17	8.44818	0.251553	8.45	0.25	-3.00027	0
8.47135	0.245601	-0.0138554	5.87732e-05	8.56759	0.241943	8.45	0.25	0	0
8.46435	0.248308	-0.0142008	-7.2458e-05	8.45582	0.253997	8.45	0.25	0	0
8.37188	0.249487	-0.945093	0.0125519	8.42544	0.254042	8.35	0.25	-1.81979	0
8.31206	0.2489	-0.947535	0.0103822	8.23962	0.24916	8.25	0.25	-1.81978	0
8.10442	0.224735	-1.00925	0.249522	7.93286	0.188391	8.05	0.2	-3.99976	-0.99994
8.02155	0.203139	-1.01519	0.304665	7.84073	0.159858	7.85	0.15	-3.99972	-0.99993
7.81264	0.442869	-1.14888	-2.8472	7.61269	0.155818	7.7	0.15	-2.99982	0
7.79579	0.411463	-1.15483	-2.50617	7.54016	0.159641	7.55	0.15	-2.99982	0
7.66384	0.387057	-1.1503	0.840077	7.50815	0.0953827	7.45	0.100001	-1.8165	-0.908239
7.57877	0.311487	-1.15496	0.778824	7.3426	0.0345312	7.35	0.0500011	-1.81648	-0.90823
7.38818	0.311889	-1.19684	-1.08146	7.20598	0.00492725	7.2	9.49949e-07	-2.72851	-0.909507
7.31533	0.332508	-1.21165	-0.992908	7.05406	-0.0533413	7.05	-0.0499992	-2.72849	-0.909499
7.20855	0.279504	-1.45449	-0.372653	6.74585	-0.143185	6.95	-0.15	-1.81898	-1.81898
7.0997	0.266791	-1.45899	-0.327355	6.84972	-0.258748	6.85	-0.25	-1.81896	-1.81897
6.97989	0.208091	-1.62151	-0.172579	6.66966	-0.346668	6.75	-0.349999	-2.00076	-2.00075
6.87144	0.173816	-1.62017	-0.130416	6.64329	-0.462604	6.65	-0.449999	-2.00076	-2.00075
6.83391	0.102505	-1.42357	-0.095355	6.60862	-0.557035	6.6	-0.549999	-0.998836	-1.99769
6.74153	0.0561533	-1.41916	-0.0524374	6.56029	-0.650892	6.55	-0.65	-0.99884	-1.99769
6.71857	-0.0605271	-1.18472	0.0278269	6.40696	-0.842921	6.5	-0.85	-0.908747	-3.63498
6.63374	-0.129897	-1.17948	0.0685643	6.45805	-1.05268	6.45	-1.05	-0.908739	-3.63494
6.55577	-0.246977	-1.18028	0.127005	6.38626	-1.15695	6.35	-1.15	-1.81897	-1.81898
6.46978	-0.31958	-1.18054	0.152098	6.25499	-1.25007	6.25	-1.25	-1.81896	-1.81896
6.57202	-0.530513	-0.682799	0.302457	6.43125	-1.48148	6.3	-1.45	0.909739	-3.63894
6.52053	-0.607713	-0.685701	0.312758	6.36328	-1.65656	6.35	-1.65	0.909727	-3.63891
6.49488	-0.740017	-0.627865	0.35691	6.3228	-1.81431	6.3	-1.8	-0.999494	-2.9985
6.44692	-0.815212	-0.636326	0.358617	6.24641	-1.95075	6.25	-1.95	-0.999489	-2.99847
6.52835	-0.963695	-0.327145	0.471245	6.31851	-2.10969	6.3	-2.1	0.999984	-2.99994
6.49937	-1.03268	-0.338068	0.469129	6.34644	-2.23829	6.35	-2.25	0.999979	-2.99994
6.51728	-1.14445	-0.214802	0.512933	6.32593	-2.40018	6.35	-2.4	0	-2.72613
6.49265	-1.21259	-0.230007	0.504953	6.34927	-2.55175	6.35	-2.55	0	-2.72611
6.56186	-1.30419	0.00076873	0.564056	6.43125	-2.71878	6.4	-2.7	0.909499	-2.72851
6.54834	-1.36729	-0.0182044	0.555469	6.43257	-2.84245	6.45	-2.85	0.909503	-2.72851
6.58492	-1.44244	0.120138	0.538831	6.46536	-3.00452	6.45	-3	0	-2.99754
6.57387	-1.50416	0.0967394	0.525661	6.44119	-3.14955	6.45	-3.15	0	-2.99754
6.65083	-1.55412	0.325241	0.399983	6.52249	-3.32007	6.5	-3.3	0.910402	-2.7312
6.65104	-1.61411	0.299572	0.359423	6.5453	-3.45745	6.55	-3.45	0.910402	-2.7312
6.77251	-1.65043	0.599882	0.02059	6.6358	-3.59197	6.65	-3.6	1.81722	-2.72583
6.79394	-1.71903	0.57847	-0.0823649	6.76011	-3.75457	6.75	-3.75	1.81721	-2.72581
6.89671	-1.79284	0.793064	-0.312438	6.83625	-3.92723	6.8	-3.9	0.907988	-2.72396
6.92534	-1.88337	0.778681	-0.50416	6.85997	-4.05805	6.85	-4.05	0.907976	-2.72393
7.02197	-1.95714	0.961536	-0.448553	6.86943	-4.18507	6.9	-4.2	0.909334	-2.72801
7.05268	-2.07666	0.963496	-0.736068	6.94332	-4.34473	6.95	-4.35	0.90933	-2.72799
7.11084	-2.1683	1.05274	-0.742034	7.05156	-4.49706	7	-4.45	0.910054	-1.8201
7.13276	-2.32178	1.08291	-1.08799	7.04099	-4.55018	7.05	-4.55	0.910054	-1.8201
7.24	-2.32311	1.15148	-0.662393	7.10252	-4.67934	7.1	-4.7	0.908302	-2.72489
7.26689	-2.49109	1.20931	-0.990298	7.14735	-4.86125	7.15	-4.85	0.908297	-2.72489
7.44916	-2.47818	1.35621	-0.543835	7.31379	-5.05204	7.25	-5	1.81907	-2.72861
7.48231	-2.6794	1.44558	-0.889863	7.30424	-5.15404	7.35	-5.15	1.81907	-2.72861
7.5949	-2.79122	1.60241	-0.876729	7.29446	-5.23429	7.4	-5.3	0.908194	-2.7246
7.6076	-3.05222	1.72146	-1.24221	7.44737	-5.45308	7.45	-5.45	0.90819	-2.72457
7.75692	-3.06399	1.77226	-0.991288	7.63082	-5.61863	7.55	-5.55	1.81974	-1.81974
7.77158	-3.32359	1.89967	-1.27574	7.64356	-5.66706	7.65	-5.65	1.81972	-1.81972
7.89417	-3.40701	1.98124	-1.17002	7.60376	-5.74774	7.7	-5.8	0.90983	-2.72951
7.89369	-3.68199	2.11861	-1.4126	7.7342	-5.95374	7.75	-5.95	0.909826	-2.72948
8.15032	-3.64471	2.16099	-1.04565	7.82165	-6.06822	7.85	-6.1	1.9986	-2.9979
8.1622	-3.9179	2.30964	-1.23967	7.95703	-6.24328	7.95	-6.25	1.99858	-2.99787
8.26155	-4.10753	2.44904	-1.24885	8.17338	-6.44684	8.05	-6.35	1.81738	-1.81739
8.26018	-4.4111	2.59634	-1.42478	8.15891	-6.45335	8.15	-6.45	1.81737	-1.81737
8.35881	-4.58021	2.68772	-1.38714	8.08628	-6.51855	8.2	-6.6	0.909293	-2.72787
8.34092	-4.89038	2.82932	-1.53242	8.25411	-6.74791	8.25	-6.75	0.909293	-2.72787
8.45889	-5.05452	2.90241	-1.45264	8.25648	-6.78122	8.35	-6.85	1.81994	-1.81993
8.44188	-5.35652	3.02809	-1.56213	8.44494	-6.95805	8.45	-6.95	1.81993	-1.81993
8.51973	-5.54451	3.10372	-1.51713	8.39359	-7.01743	8.5	-7.1	1.00006	-3.00018
8.49834	-5.82728	3.2157	-1.59942	8.54925	-7.24433	8.55	-7.25	1.00006	-3.00018
8.65543	-6.01292	3.29823	-1.46432	8.64403	-7.39047	8.65	-7.4	1.99807	-2.99712
8.64797	-6.29171	3.39714	-1.52365	8.73559	-7.5421	8.75	-7.55	1.99808	-2.99712
8.63012	-6.52841	3.43863	-1.57375	8.87176	-7.71912	8.8	-7.65	0.909955	-1.8199
8.61938	-6.80298	3.51083	-1.62272	8.84538	-7.75497	8.85	-7.75	0.909946	-1.81988
8.67726	-7.01368	3.56004	-1.58039	8.88333	-7.88636	8.9	-7.9	0.999086	-2.9973
8.67552	-7.25882	3.61497	-1.61303	8.95966	-8.0381	8.95	-8.05	0.999095	-2.9973
8.63022	-7.47149	3.61998	-1.67033	8.8564	-8.01424	9	-8.15	0.909309	-1.8186
8.63123	-7.70729	3.64889	-1.6963	9.05896	-8.24314	9.05	-8.25	0.909301	-1.81859
8.68704	-7.90772	3.67253	-1.64973	9.17781	-8.47056	9.1	-8.4	1.0004	-3.00119
8.70094	-8.11658	3.69027	-1.66399	9.15332	-8.54857	9.15	-8.55	1.00038	-3.00117
8.66485	-8.31235	3.67977	-1.70903	9.22922	-8.6898	9.2	-8.65	0.909508	-1.819
8.68459	-8.51591	3.6771	-1.71925	9.24541	-8.76863	9.25	-8.75	0.9095	-1.81899
8.87192	-8.74291	3.72693	-1.54659	9.37748	-9.00609	9.35	-8.95	1.99965	-3.99928
8.92376	-8.93068	3.72239	-1.54025	9.44703	-9.15328	9.45	-9.15	1.99964	-3.99928
8.91407	-9.08586	3.68	-1.57493	9.50096	-9.25642	9.5	-9.25	0.999584	-1.99917
8.97256	-9.25615	3.66273	-1.56575	9.54157	-9.35195	9.55	-9.35	0.999584	-1.99917
8.96363	-9.4136	3.62985	-1.59601	9.47534	-9.42627	9.55	-9.5	0	-3.00023
9.01696	-9.57935	3.61126	-1.5881	9.54779	-9.64959	9.55	-9.65	0	-3.0002
9.05752	-9.75939	3.61495	-1.57039	9.69942	-9.88416	9.6	-9.8	0.999005	-2.997
9.11939	-9.91883	3.5918	-1.55816	9.64606	-9.9341	9.65	-9.95	0.998995	-2.997
9.08783	-10.0785	3.53853	-1.61112	9.60087	-9.96395	9.7	-10.05	0.909855	-1.81969
9.15692	-10.2367	3.50348	-1.59647	9.73801	-10.1396	9.75	-10.15	0.909847	-1.81969
9.1641	-10.3946	3.48184	-1.61213	9.92627	-10.4745	9.75	-10.3	0	-3.00065
9.22718	-10.5377	3.45124	-1.59858	9.75524	-10.4732	9.75	-10.45	0	-3.00063
9.2538	-10.7152	3.4428	-1.59281	9.71825	-10.5087	9.8	-10.6	0.90817	-2.72451
9.32494	-10.8683	3.40783	-1.57598	9.85048	-10.7526	9.85	-10.75	0.908161	-2.72448
9.29266	-11.0235	3.35828	-1.62657	9.88465	-10.9383	9.85	-10.9	0	-2.73074
9.35489	-11.1713	3.32383	-1.61276	9.83614	-11.041	9.85	-11.05	0	-2.73073
9.35368	-11.3203	3.30326	-1.62959	9.83952	-11.1692	9.85	-11.2	0	-2.99965
9.40934	-11.4538	3.27302	-1.61714	9.84568	-11.3496	9.85	-11.35	0	-2.99961
9.40609	-11.6044	3.25604	-1.63375	9.87961	-11.5637	9.85	-11.5	0	-2.99843
9.45351	-11.7384	3.22867	-1.62376	9.83206	-11.6307	9.85	-11.65	0	-2.99843
9.32593	-11.853	3.14336	-1.75185	9.85311	-11.8523	9.8	-11.75	-1.0003	-2.00061
9.35792	-11.9766	3.11361	-1.74835	9.74928	-11.8442	9.75	-11.85	-1.00029	-2.00059
9.31661	-12.1167	3.09783	-1.78637	9.69694	-11.9706	9.7	-12	-1.0004	-3.00119
9.33133	-12.2446	3.07432	-1.78862	9.65354	-12.1497	9.65	-12.15	-1.00039	-3.00116
9.21526	-12.3737	3.04546	-1.89056	9.72311	-12.3964	9.6	-12.25	-0.999885	-1.99981
9.21745	-12.4912	3.01841	-1.89745	9.54859	-12.3478	9.55	-12.35	-0.999884	-1.99979
9.03357	-12.6086	3.001	-2.04918	9.39039	-12.3902	9.45	-12.45	-1.99803	-1.99805
9.01523	-12.7139	2.97208	-2.06458	9.36086	-12.5501	9.35	-12.55	-1.99804	-1.99804
8.91066	-12.8456	2.96917	-2.13161	9.34456	-12.7106	9.3	-12.65	-0.909773	-1.81953
8.87377	-12.9547	2.93853	-2.15371	9.22134	-12.7613	9.25	-12.75	-0.909773	-1.81954
8.609	-13.039	2.96334	-2.36516	9.15326	-13.0031	9.05	-12.85	-3.99257	-1.99629
8.54336	-13.1189	2.93746	-2.39954	8.84161	-12.9519	8.85	-12.95	-3.99253	-1.99627
8.35692	-13.2062	2.96272	-2.51753	8.71632	-12.9613	8.75	-13	-1.8213	-0.910651
8.27466	-13.2711	2.92935	-2.56086	8.66358	-13.0431	8.65	-13.05	-1.8213	-0.910651
8.08581	-13.3224	2.96357	-2.68383	8.54518	-13.1702	8.5	-13.1	-2.997	-0.999005
7.99595	-13.3619	2.93389	-2.73094	8.35763	-13.1557	8.35	-13.15	-2.997	-0.998995
7.76953	-13.3813	2.98901	-2.88209	8.22926	-13.1698	8.2	-13.15	-2.72741	0
7.65449	-13.3941	2.95702	-2.94428	8.03583	-13.1513	8.05	-13.15	-2.72742	0
7.48558	-13.4016	2.96786	-3.03394	7.82915	-13.0525	7.9	-13.15	-2.72986	0
7.36716	-13.3909	2.93607	-3.10088	7.76538	-13.1647	7.75	-13.15	-2.72986	0
7.29931	-13.4327	2.84584	-3.08374	7.66145	-13.3079	7.6	-13.2	-2.9979	-0.999304
7.18525	-13.4206	2.82429	-3.14238	7.44786	-13.2517	7.45	-13.25	-2.9979	-0.999304
7.03734	-13.4083	2.81754	-3.20762	7.21108	-13.0985	7.3	-13.25	-2.72846	0
6.90968	-13.3786	2.79721	-3.27381	7.16011	-13.2382	7.15	-13.25	-2.72844	0
6.75012	-13.3111	2.84068	-3.38195	6.88472	-12.9588	7	-13.2	-2.99784	0.999284
6.63553	-13.2608	2.82344	-3.44713	6.84891	-13.1493	6.85	-13.15	-2.99784	0.999284
6.50041	-13.211	2.811	-3.51157	6.77424	-13.2337	6.7	-13.1	-2.72787	0.909275
6.37719	-13.1408	2.7969	-3.58348	6.55759	-13.0679	6.55	-13.05	-2.72787	0.909284
6.2883	-13.1201	2.67821	-3.59196	6.40137	-13.0799	6.4	-13.05	-2.72678	0
6.16706	-13.0497	2.67202	-3.65735	6.26174	-13.0534	6.25	-13.05	-2.72678	0
6.05805	-12.9945	2.6246	-3.69865	6.10143	-13.0076	6.1	-13	-2.72966	0.909888
5.93762	-12.917	2.62521	-3.75986	5.94198	-12.9494	5.95	-12.95	-2.72963	0.90988
5.80006	-12.7966	2.73033	-3.85822	5.79854	-12.8478	5.8	-12.85	-2.99777	1.99851
5.69425	-12.7077	2.73398	-3.91539	5.65107	-12.7365	5.65	-12.75	-2.99778	1.99852
5.6342	-12.632	2.60621	-3.95303	5.50547	-12.5721	5.55	-12.7	-1.81798	0.908995
5.52479	-12.5378	2.61413	-4.0077	5.43839	-12.652	5.45	-12.65	-1.81799	0.908995
5.40965	-12.4207	2.66329	-4.07146	5.27506	-12.4782	5.3	-12.55	-2.72627	1.81753
5.29904	-12.3201	2.6758	-4.11902	5.1307	-12.4684	5.15	-12.45	-2.72625	1.8175
5.22974	-12.2097	2.6362	-4.17516	5.04446	-12.3808	5.05	-12.35	-1.8199	1.81989
5.12702	-12.1044	2.64824	-4.21772	4.92985	-12.2499	4.95	-12.25	-1.81991	1.8199
5.04455	-11.992	2.66612	-4.26293	4.75061	-11.9803	4.85	-12.15	-1.99928	1.99929
4.95516	-11.8941	2.67514	-4.29607	4.75915	-12.0666	4.75	-12.05	-1.99928	1.99928
4.8658	-11.765	2.70799	-4.33897	4.69113	-11.9084	4.7	-11.9	-0.908236	2.72471
4.78934	-11.6406	2.71252	-4.38138	4.64378	-11.7442	4.65	-11.75	-0.908231	2.7247
4.80864	-11.5056	2.61907	-4.47071	4.59746	-11.6205	4.6	-11.65	-0.909847	1.81971
4.74068	-11.3892	2.6208	-4.5059	4.54975	-11.5706	4.55	-11.55	-0.909843	1.81969
4.44495	-11.2903	2.85301	-4.38637	4.47442	-11.3673	4.5	-11.35	-1.0008	4.0032
4.40743	-11.1526	2.85262	-4.43409	4.44059	-11.1496	4.45	-11.15	-1.0008	4.00321
4.46799	-11.0179	2.72305	-4.53616	4.43713	-11.024	4.45	-11.05	0	1.81614
4.44404	-10.8739	2.72127	-4.58666	4.45136	-10.93	4.45	-10.95	0	1.81612
4.41975	-10.7266	2.72723	-4.63217	4.44745	-10.786	4.45	-10.8	0	2.72555
4.41531	-10.5801	2.72507	-4.68514	4.45788	-10.6457	4.45	-10.65	0	2.72554
4.41147	-10.4331	2.72548	-4.73388	4.46329	-10.5756	4.45	-10.5	0	2.729
4.41964	-10.2867	2.7237	-4.78558	4.44057	-10.3382	4.45	-10.35	0	2.72898
4.45123	-10.1372	2.71908	-4.84903	4.51895	-10.2367	4.5	-10.2	0.908962	2.72687
4.48287	-9.99133	2.71842	-4.90472	4.54925	-10.0439	4.55	-10.05	0.908954	2.72685
4.4991	-9.84717	2.72222	-4.94266	4.63224	-9.9707	4.6	-9.9	0.909756	2.72927
4.54699	-9.70335	2.72289	-4.99875	4.63755	-9.74952	4.65	-9.75	0.909752	2.72926
4.52497	-9.5585	2.73041	-4.99336	4.60757	-9.4335	4.7	-9.6	0.90859	2.72578
4.58694	-9.4149	2.73375	-5.04902	4.74589	-9.4609	4.75	-9.45	0.908586	2.72576
4.67958	-9.27334	2.73736	-5.12578	4.89179	-9.39473	4.85	-9.3	1.81967	2.72952
4.76268	-9.13388	2.74427	-5.18368	4.94849	-9.13867	4.95	-9.15	1.81967	2.72951
4.8702	-9.01108	2.75437	-5.26261	4.95209	-8.96272	5	-9.05	0.999884	1.99977
4.95238	-8.89768	2.75532	-5.313	5.04121	-8.94979	5.05	-8.95	0.999874	1.99974
5.00926	-8.77126	2.74554	-5.33281	5.20806	-8.88942	5.15	-8.8	1.81805	2.72708
5.11349	-8.64764	2.7522	-5.38712	5.26887	-8.63564	5.25	-8.65	1.81803	2.72705
5.22833	-8.54239	2.76405	-5.45262	5.3785	-8.56768	5.35	-8.55	1.99956	1.99957
5.33312	-8.4402	2.7692	-5.50176	5.44864	-8.42738	5.45	-8.45	1.99954	1.99954
5.40959	-8.32844	2.74992	-5.51718	5.56465	-8.44845	5.5	-8.35	0.909045	1.81807
5.52214	-8.22734	2.7498	-5.56663	5.53862	-8.24357	5.55	-8.25	0.909045	1.81808
5.58458	-8.10901	2.71893	-5.55632	5.64921	-8.02513	5.7	-8.1	2.72608	2.72608
5.70923	-8.00659	2.72724	-5.60233	5.85094	-7.95601	5.85	-7.95	2.72606	2.72606
5.79702	-7.89351	2.70975	-5.60593	5.93492	-7.84119	5.95	-7.85	1.81801	1.81801
5.92515	-7.7961	2.71855	-5.64806	6.05986	-7.73559	6.05	-7.75	1.81802	1.81801
6.00801	-7.68116	2.69282	-5.63663	6.13741	-7.63243	6.15	-7.65	1.81798	1.81798
6.13663	-7.58886	2.70049	-5.67434	6.25659	-7.54336	6.25	-7.55	1.81798	1.81798
6.23214	-7.47989	2.68171	-5.66904	6.39143	-7.46358	6.35	-7.45	1.82027	1.82027
6.36052	-7.39332	2.68746	-5.70315	6.452	-7.36418	6.45	-7.35	1.82025	1.82025
6.48627	-7.31671	2.70093	-5.74163	6.47916	-7.09783	6.6	-7.25	2.99862	1.99908
6.61383	-7.23873	2.71248	-5.77179	6.7556	-7.14598	6.75	-7.15	2.99862	1.99908
6.66758	-7.1038	2.64317	-5.69955	6.68682	-6.93297	6.8	-7.05	0.908005	1.816
6.79561	-7.01772	2.65024	-5.72435	6.86356	-6.94732	6.85	-6.95	0.908	1.81601
6.9303	-6.94022	2.65994	-5.75544	7.08741	-6.92602	7	-6.85	2.72856	1.81904
7.06533	-6.85681	2.67029	-5.77939	7.15695	-6.75136	7.15	-6.75	2.72854	1.81902
7.14293	-6.73092	2.62391	-5.72206	7.29976	-6.68807	7.25	-6.65	1.8202	1.8202
7.2726	-6.64569	2.63284	-5.73955	7.35505	-6.56058	7.35	-6.55	1.82018	1.82018
7.43482	-6.61659	2.67466	-5.82413	7.53544	-6.5372	7.5	-6.5	2.99964	0.999884
7.56299	-6.54871	2.68412	-5.84434	7.65664	-6.46417	7.65	-6.45	2.99964	0.999884
7.67965	-6.46474	2.66705	-5.83964	7.67559	-6.34628	7.75	-6.4	1.81709	0.908549
7.81599	-6.39848	2.67116	-5.86089	7.85193	-6.35845	7.85	-6.35	1.81709	0.908545
7.93565	-6.31854	2.65555	-5.85574	8.03231	-6.28406	8	-6.25	2.72931	1.81954
8.07511	-6.24737	2.66461	-5.87247	8.13749	-6.14586	8.15	-6.15	2.72928	1.81952
8.15259	-6.13892	2.61734	-5.81553	8.21488	-6.01843	8.25	-6.05	1.99977	1.99976
8.27602	-6.06655	2.62729	-5.82417	8.33626	-5.94674	8.35	-5.95	1.99977	1.99976
8.43366	-6.02041	2.65643	-5.87282	8.50318	-5.89335	8.5	-5.9	2.72796	0.909326
8.57537	-5.95174	2.66588	-5.88609	8.65894	-5.86309	8.65	-5.85	2.72796	0.909321
8.66329	-5.83401	2.61373	-5.82155	8.77185	-5.74314	8.75	-5.75	1.81776	1.81775
8.79835	-5.75638	2.62335	-5.82737	8.85444	-5.64273	8.85	-5.65	1.81774	1.81773
8.88661	-5.64733	2.59586	-5.77428	9.02394	-5.6024	8.95	-5.55	1.99657	1.99656
9.00555	-5.56991	2.60505	-5.77461	9.05088	-5.45385	9.05	-5.45	1.99654	1.99655
9.15831	-5.5264	2.63184	-5.82457	9.04088	-5.29691	9.2	-5.4	2.72728	0.909094
9.29394	-5.44755	2.64162	-5.82835	9.34223	-5.32623	9.35	-5.35	2.72727	0.90909
9.37711	-5.31831	2.59676	-5.75384	9.39579	-5.21659	9.45	-5.25	1.81816	1.81815
9.50556	-5.23308	2.60538	-5.7519	9.55303	-5.13194	9.55	-5.15	1.81813	1.81813
9.59881	-5.11115	2.58225	-5.69243	9.75019	-5.14652	9.65	-5.05	1.82036	1.82036
9.72067	-5.02028	2.58973	-5.6863	9.7586	-4.93134	9.75	-4.95	1.82036	1.82037
9.81117	-4.88849	2.57532	-5.62353	9.9198	-4.86941	9.85	-4.85	1.81578	1.81577
9.92581	-4.79432	2.58006	-5.61459	9.95641	-4.74358	9.95	-4.75	1.81575	1.81575
10.0072	-4.64865	2.57146	-5.54321	10.0029	-4.54771	10.05	-4.6	1.82039	2.7306
10.1142	-4.54114	2.57872	-5.5281	10.1428	-4.45119	10.15	-4.45	1.8204	2.7306
10.2007	-4.404	2.58067	-5.47674	10.1981	-4.26556	10.25	-4.3	1.81769	2.72652
10.3039	-4.28492	2.59153	-5.45779	10.3644	-4.16342	10.35	-4.15	1.81768	2.7265
10.4269	-4.20462	2.60051	-5.48366	10.5985	-4.12247	10.45	-4.05	1.81792	1.81792
10.5286	-4.08426	2.61055	-5.4671	10.5415	-3.9454	10.55	-3.95	1.8179	1.8179
10.6264	-3.96706	2.61589	-5.44843	10.7092	-3.85166	10.65	-3.85	1.81903	1.81904
10.7257	-3.84751	2.6242	-5.43309	10.7616	-3.75002	10.75	-3.75	1.81902	1.81903
10.766	-3.67808	2.61228	-5.33632	10.795	-3.60617	10.8	-3.6	0.909773	2.72931
10.8498	-3.54993	2.61873	-5.31503	10.8527	-3.46164	10.85	-3.45	0.909764	2.72928
10.9617	-3.47153	2.62536	-5.35408	10.9584	-3.30584	10.95	-3.3	1.99953	2.99928
11.0415	-3.34336	2.6389	-5.33526	11.0447	-3.1561	11.05	-3.15	1.9995	2.99925
11.0751	-3.1702	2.63596	-5.24536	11.1178	-2.98807	11.1	-3	0.907725	2.72317
11.1484	-3.02527	2.64751	-5.22057	11.1427	-2.86566	11.15	-2.85	0.907708	2.72314
11.1973	-2.86717	2.65529	-5.16722	11.1491	-2.68183	11.2	-2.7	0.908929	2.72678
11.2604	-2.71588	2.66725	-5.14022	11.2525	-2.55311	11.25	-2.55	0.908929	2.72678
11.178	-2.45964	2.68732	-4.91984	11.1188	-2.36202	11.2	-2.4	-0.909276	2.72782
11.2031	-2.30855	2.69003	-4.88103	11.1594	-2.25598	11.15	-2.25	-0.909276	2.72782
11.3276	-2.26331	2.61897	-5.00006	11.2029	-2.09837	11.25	-2.1	1.81915	2.72871
11.3663	-2.10783	2.62991	-4.97127	11.3525	-1.95787	11.35	-1.95	1.81913	2.72869
11.3674	-1.94227	2.63884	-4.90291	11.3011	-1.79507	11.35	-1.8	0	2.73035
11.3894	-1.78665	2.64638	-4.8713	11.3326	-1.67041	11.35	-1.65	0	2.73033
11.3164	-1.60468	2.67096	-4.73493	11.0622	-1.44342	11.3	-1.5	-0.999165	2.99748
11.3138	-1.46001	2.67761	-4.69895	11.2595	-1.35818	11.25	-1.35	-0.999155	2.99745
11.2568	-1.28265	2.7069	-4.59776	11.1658	-1.23674	11.2	-1.25	-0.909822	1.81964
11.2316	-1.13759	2.70383	-4.55493	11.1524	-1.15803	11.15	-1.15	-0.909822	1.81964
11.0915	-0.94893	2.7816	-4.37853	10.8534	-0.929069	11.05	-0.95	-1.99817	3.99632
11.0378	-0.810254	2.78661	-4.32916	10.9584	-0.728742	10.95	-0.75	-1.99816	3.99632
10.9962	-0.680582	2.76292	-4.30241	10.8608	-0.663121	10.9	-0.649999	-0.908549	1.8171
10.928	-0.543786	2.76147	-4.25093	10.8648	-0.553034	10.85	-0.549999	-0.908532	1.81708
10.8186	-0.400927	2.79623	-4.15668	10.8451	-0.437482	10.75	-0.45	-1.8174	1.81738
10.729	-0.279487	2.79046	-4.10115	10.6542	-0.347474	10.65	-0.35	-1.8174	1.81738
10.5395	-0.143315	2.89215	-3.94013	10.5062	-0.245062	10.5	-0.25	-2.72796	1.81864
10.4198	-0.043949	2.88377	-3.87538	10.3438	-0.150982	10.35	-0.15	-2.72796	1.81864
10.3294	0.0414045	2.83178	-3.84181	10.4884	-0.0812124	10.25	-0.0999996	-1.81964	0.909826
10.2034	0.120577	2.81935	-3.77748	10.1537	-0.0482457	10.15	-0.0499992	-1.81963	0.909818
10.0542	0.197582	2.84126	-3.69461	9.92588	0.00395802	10	9.49949e-07	-2.73049	0.910169
9.91384	0.252107	2.82586	-3.62546	9.85676	0.0351738	9.85	0.0500011	-2.73047	0.910161
9.76055	0.303047	2.83484	-3.5476	9.63973	0.0585714	9.7	0.0500011	-2.72439	0
9.609	0.327452	2.8154	-3.47205	9.54669	0.0374948	9.55	0.0500011	-2.72438	0
9.45297	0.3536	2.81585	-3.39645	9.32242	0.112393	9.4	0.100001	-2.72773	0.90923
9.29688	0.362818	2.80338	-3.32082	9.24446	0.153574	9.25	0.15	-2.7277	0.909222
9.14525	0.364394	2.78487	-3.24801	9.0614	0.20077	9.1	0.2	-2.72652	0.908843
8.98912	0.362714	2.78018	-3.17575	8.94752	0.260272	8.95	0.25	-2.72653	0.908843
8.87611	0.275473	2.62168	-3.07965	8.90199	0.247143	8.85	0.25	-1.81847	0
8.73425	0.262133	2.62115	-3.01271	8.76016	0.263752	8.75	0.25	-1.81846	0
8.55048	0.360571	2.7859	-3.01536	8.46355	0.258809	8.55	0.25	-3.6326	0
8.39618	0.326954	2.7854	-2.94629	8.35367	0.252596	8.35	0.25	-3.6326	0
8.24611	0.281764	2.77991	-2.87577	8.05161	0.241868	8.2	0.25	-2.72841	0
8.09765	0.237973	2.78124	-2.81196	8.05411	0.247878	8.05	0.25	-2.72842	0
7.95345	0.183626	2.77976	-2.74682	7.78653	0.205765	7.9	0.2	-2.72708	-0.909025
7.81057	0.122704	2.78161	-2.68378	7.74339	0.144028	7.75	0.15	-2.72705	-0.909016
7.66249	0.103045	2.80477	-2.66136	7.77346	0.0969346	7.6	0.100001	-2.73169	-0.910554
7.5242	0.0293615	2.80661	-2.60062	7.45362	0.0452052	7.45	0.0500011	-2.73169	-0.910554
7.36152	0.0755679	2.84856	-2.64772	7.15329	0.0425189	7.3	0.0500011	-2.99789	0
7.23398	0.00688038	2.84998	-2.59826	7.16618	0.0287673	7.15	0.0500011	-2.9979	0
7.13762	-0.14586	2.81907	-2.47797	7.17215	-0.0469302	7.05	-0.0499995	-1.81811	-1.81813
7.01503	-0.236686	2.81747	-2.42271	6.95426	-0.147757	6.95	-0.15	-1.8181	-1.81811
6.90763	-0.347031	2.81233	-2.35333	6.83008	-0.250179	6.85	-0.25	-1.81646	-1.81646
6.79995	-0.45123	2.80889	-2.29724	6.76395	-0.345347	6.75	-0.35	-1.81645	-1.81645
6.70468	-0.560658	2.80164	-2.23818	6.74798	-0.457727	6.65	-0.45	-1.81901	-1.819
6.6095	-0.676376	2.79865	-2.18173	6.54569	-0.565853	6.55	-0.549999	-1.81899	-1.81898
6.56901	-0.877629	2.81925	-2.04088	6.565	-0.754748	6.5	-0.749999	-0.909789	-3.63914
6.5005	-1.0133	2.81748	-1.97761	6.4494	-0.940848	6.45	-0.949999	-0.909781	-3.63911
6.44422	-1.13239	2.80974	-1.9286	6.44213	-1.11266	6.4	-1.1	-1.0002	-3.00061
6.3957	-1.26532	2.81103	-1.87057	6.34405	-1.26138	6.35	-1.25	-1.0002	-3.00061
6.34198	-1.37056	2.78638	-1.84342	6.39474	-1.36501	6.3	-1.35	-1.00035	-2.00072
6.30542	-1.50204	2.78478	-1.78793	6.25356	-1.42931	6.25	-1.45	-1.00036	-2.00072
6.31343	-1.6786	2.82465	-1.67721	6.24787	-1.61119	6.25	-1.6	0	-2.99288
6.29896	-1.81691	2.82367	-1.61796	6.23547	-1.75335	6.25	-1.75	0	-2.99285
6.33539	-2.0061	2.87382	-1.49784	6.41111	-1.93027	6.3	-1.9	0.909739	-2.72921
6.35312	-2.15776	2.86945	-1.42738	6.34873	-2.05372	6.35	-2.05	0.909735	-2.72921
6.35593	-2.27024	2.79561	-1.40163	6.53066	-2.26346	6.35	-2.2	0	-2.72782
6.38654	-2.4169	2.79259	-1.33446	6.36917	-2.33894	6.35	-2.35	0	-2.72779
6.39655	-2.54015	2.73609	-1.30496	6.27034	-2.51837	6.35	-2.55	0	-3.63689
6.43326	-2.68777	2.74016	-1.2437	6.34287	-2.73391	6.35	-2.75	0	-3.63689
6.4886	-2.84313	2.76441	-1.17298	6.45883	-2.92313	6.4	-2.9	0.908854	-2.72658
6.54258	-2.98751	2.76995	-1.11271	6.43866	-3.06257	6.45	-3.05	0.908859	-2.72658
6.59411	-3.12157	2.74857	-1.06588	6.49154	-3.20004	6.5	-3.2	0.908863	-2.72658
6.65962	-3.25934	2.75455	-1.00879	6.53579	-3.34211	6.55	-3.35	0.908855	-2.72655
6.71951	-3.38256	2.71815	-0.967565	6.70146	-3.53446	6.6	-3.5	0.908714	-2.72613
6.79279	-3.51526	2.72599	-0.91534	6.64657	-3.63945	6.65	-3.65	0.908702	-2.72611
6.86016	-3.64134	2.70654	-0.875273	6.70956	-3.81739	6.7	-3.8	0.909565	-2.72871
6.93723	-3.77264	2.71725	-0.830268	6.74885	-3.96368	6.75	-3.95	0.909561	-2.72869
7.00054	-3.88486	2.66752	-0.799488	6.73758	-4.06653	6.8	-4.1	0.908566	-2.72568
7.07873	-4.0145	2.67945	-0.762306	6.85796	-4.25464	6.85	-4.25	0.908561	-2.72569
7.17815	-4.16786	2.75207	-0.722725	7.10395	-4.4909	6.95	-4.4	1.81821	-2.72732
7.26543	-4.29687	2.76323	-0.690317	7.04679	-4.55716	7.05	-4.55	1.81822	-2.72732
7.3447	-4.40845	2.72967	-0.662028	7.02393	-4.64459	7.1	-4.7	0.91085	-2.73253
7.4262	-4.54117	2.74051	-0.64102	7.13435	-4.85502	7.15	-4.85	0.910837	-2.73251
7.48999	-4.62817	2.67319	-0.619182	7.24619	-4.97657	7.2	-4.95	1.00033	-2.00068
7.5603	-4.74823	2.68051	-0.60676	7.25317	-5.04605	7.25	-5.05	1.00033	-2.00066
7.65835	-4.91282	2.78831	-0.60291	7.22054	-5.09604	7.35	-5.2	1.9976	-2.9964
7.73427	-5.03796	2.79358	-0.595364	7.43604	-5.34825	7.45	-5.35	1.9976	-2.9964
7.80189	-5.10484	2.6737	-0.566006	7.40989	-5.38617	7.5	-5.45	0.908252	-1.8165
7.88188	-5.23721	2.6766	-0.561788	7.55662	-5.56714	7.55	-5.55	0.908244	-1.81648
7.97763	-5.38097	2.71806	-0.560036	7.39379	-5.52612	7.65	-5.7	1.81785	-2.72677
8.06113	-5.51572	2.71892	-0.559906	7.76459	-5.8425	7.75	-5.85	1.81785	-2.72677
8.12465	-5.57977	2.59554	-0.533791	7.84699	-6.00602	7.8	-5.95	0.909078	-1.81815
8.19849	-5.71383	2.59321	-0.540109	7.85921	-6.04502	7.85	-6.05	0.909073	-1.81815
8.29961	-5.86013	2.64457	-0.546947	7.89511	-6.1416	7.95	-6.2	1.8197	-2.72955
8.37387	-6.0024	2.64116	-0.55973	8.05619	-6.36041	8.05	-6.35	1.81969	-2.72953
8.48244	-6.15064	2.69577	-0.567373	8.2234	-6.53735	8.15	-6.5	1.8187	-2.72807
8.55748	-6.29812	2.69117	-0.584267	8.25446	-6.64851	8.25	-6.65	1.81869	-2.72804
8.61641	-6.38275	2.58702	-0.57591	8.32206	-6.77114	8.3	-6.75	0.908979	-1.81795
8.6802	-6.52849	2.57916	-0.597005	8.31728	-6.8399	8.35	-6.85	0.908979	-1.81795
8.75832	-6.64881	2.5637	-0.602431	8.2713	-6.91098	8.4	-7	0.909094	-2.72732
8.81395	-6.80505	2.55545	-0.631992	8.44183	-7.15372	8.45	-7.15	0.909102	-2.72732
8.92612	-6.9527	2.62812	-0.640311	8.54154	-7.25975	8.55	-7.3	1.81751	-2.72628
8.98407	-7.11519	2.62159	-0.672551	8.65899	-7.4699	8.65	-7.45	1.81752	-2.72628
9.03012	-7.22658	2.53298	-0.68716	8.83598	-7.68162	8.7	-7.55	0.908615	-1.81723
9.08496	-7.37766	2.52629	-0.715295	8.76769	-7.64094	8.75	-7.65	0.908607	-1.81721
9.20218	-7.51532	2.60602	-0.713462	8.77916	-7.72457	8.85	-7.8	1.8215	-2.73224
9.25667	-7.67367	2.60114	-0.745194	8.95669	-7.95155	8.95	-7.95	1.82148	-2.73221
9.34519	-7.80422	2.63849	-0.752404	9.1081	-8.22433	9	-8.1	0.999025	-2.99707
9.38366	-7.96138	2.63419	-0.790091	9.05476	-8.24211	9.05	-8.25	0.999015	-2.99704
9.39106	-8.08751	2.51343	-0.833186	9.13825	-8.4037	9.1	-8.35	0.908285	-1.81657
9.43363	-8.24352	2.51027	-0.866144	9.14025	-8.44981	9.15	-8.45	0.908268	-1.81655
9.51228	-8.37236	2.52597	-0.871821	9.22081	-8.59155	9.2	-8.6	0.91012	-2.73036
9.54781	-8.53539	2.52519	-0.909345	9.25031	-8.76071	9.25	-8.75	0.910112	-2.73033
9.61902	-8.66949	2.5383	-0.918656	9.30208	-8.90831	9.3	-8.9	0.909524	-2.72856
9.64873	-8.8354	2.53917	-0.958007	9.34431	-9.04587	9.35	-9.05	0.909524	-2.72856
9.73334	-8.9581	2.58231	-0.950584	9.39993	-9.18842	9.4	-9.2	0.999066	-2.99725
9.75053	-9.12261	2.58663	-0.993859	9.4452	-9.37195	9.45	-9.35	0.999075	-2.99724
9.8134	-9.26197	2.59636	-1.00493	9.48751	-9.46421	9.5	-9.5	0.909706	-2.7291
9.83554	-9.43511	2.60194	-1.04597	9.55098	-9.64789	9.55	-9.65	0.909706	-2.7291
9.90353	-9.56271	2.62826	-1.04457	9.57122	-9.75525	9.6	-9.8	1.00048	-3.00143
9.91435	-9.72812	2.63592	-1.08629	9.62408	-9.94149	9.65	-9.95	1.00046	-3.00141
9.93146	-9.86471	2.61348	-1.1221	9.61433	-9.96417	9.7	-10.05	0.998785	-1.99755
9.95025	-10.016	2.6196	-1.15291	9.7457	-10.1502	9.75	-10.15	0.998775	-1.99754
9.91407	-10.1785	2.55858	-1.23564	9.77731	-10.3295	9.75	-10.3	0	-2.72851
9.92857	-10.3382	2.565	-1.26681	9.76557	-10.4501	9.75	-10.45	0	-2.72849
10.006	-10.4713	2.59504	-1.2444	9.89592	-10.7137	9.8	-10.6	0.909012	-2.72704
10.0188	-10.6337	2.60329	-1.27442	9.85066	-10.7537	9.85	-10.75	0.909012	-2.72703
10.004	-10.7766	2.5817	-1.32582	9.84397	-10.9287	9.85	-10.9	0	-3.00318
10.0053	-10.9268	2.59092	-1.35552	9.85693	-11.0512	9.85	-11.05	0	-3.00316
10.0323	-11.0569	2.59826	-1.36293	9.74773	-11.0482	9.85	-11.2	0	-3.00013
10.0242	-11.2122	2.61012	-1.39524	9.84407	-11.3565	9.85	-11.35	0	-3.00012
10.062	-11.3451	2.62694	-1.38886	9.79495	-11.4686	9.85	-11.5	0	-2.99592
10.0476	-11.5031	2.64041	-1.42165	9.83943	-11.6467	9.85	-11.65	0	-2.99592
9.89212	-11.673	2.56801	-1.58837	9.76634	-11.6976	9.8	-11.75	-0.908731	-1.81746
9.86935	-11.8242	2.57327	-1.61973	9.74774	-11.8511	9.75	-11.85	-0.908731	-1.81746
9.8048	-11.9809	2.56856	-1.692	9.7856	-12.1262	9.7	-12	-0.909591	-2.72875
9.76805	-12.129	2.57376	-1.72542	9.64482	-12.1455	9.65	-12.15	-0.909582	-2.72873
9.71771	-12.2746	2.57432	-1.77241	9.57233	-12.2948	9.6	-12.3	-0.908879	-2.72667
9.66984	-12.422	2.58096	-1.80683	9.55167	-12.4583	9.55	-12.45	-0.908879	-2.72665
9.47996	-12.571	2.57595	-1.97569	9.37132	-12.4833	9.45	-12.55	-1.82006	-1.82006
9.41644	-12.6982	2.5755	-2.01256	9.359	-12.6499	9.35	-12.65	-1.82005	-1.82005
9.16326	-12.824	2.60683	-2.2306	9.16109	-12.6848	9.2	-12.75	-3.00047	-2.00033
9.07813	-12.9199	2.60419	-2.27365	9.028	-12.8337	9.05	-12.85	-3.00048	-2.00033
8.87067	-13.026	2.64672	-2.42913	8.85918	-12.7953	8.95	-12.9	-1.81543	-0.907707
8.76993	-13.1057	2.63651	-2.4785	8.84257	-12.9684	8.85	-12.95	-1.81542	-0.907708
8.64469	-13.1871	2.63981	-2.54193	8.66865	-13.0114	8.7	-13.05	-2.73134	-1.82089
8.52804	-13.2567	2.63327	-2.59482	8.55319	-13.1445	8.55	-13.15	-2.73135	-1.82089
8.25438	-13.2718	2.72588	-2.81821	8.27267	-12.996	8.4	-13.15	-2.99683	0
8.13861	-13.2983	2.71366	-2.87557	8.25965	-13.1488	8.25	-13.15	-2.9968	0
8.03328	-13.3402	2.67372	-2.89999	8.04571	-13.0646	8.1	-13.2	-2.72707	-0.909028
7.89706	-13.3619	2.66612	-2.96283	7.95841	-13.2508	7.95	-13.25	-2.72705	-0.90902
7.73657	-13.3713	2.68493	-3.04899	7.866	-13.4154	7.8	-13.25	-2.7295	0
7.59406	-13.3709	2.67836	-3.11495	7.62489	-13.249	7.65	-13.25	-2.7295	0
7.46303	-13.3698	2.67514	-3.1722	7.50783	-13.2944	7.5	-13.25	-2.99994	0
7.33214	-13.3538	2.67037	-3.23284	7.3419	-13.2474	7.35	-13.25	-2.99994	0
7.16131	-13.3034	2.71493	-3.34107	7.19781	-13.1973	7.2	-13.2	-2.72698	0.908995
7.02042	-13.2607	2.70947	-3.41128	7.04935	-13.1606	7.05	-13.15	-2.72695	0.908987
6.88541	-13.2226	2.69069	-3.46764	6.79473	-13.0433	6.85	-13.15	-3.63709	0
6.73937	-13.1716	2.69554	-3.53436	6.65123	-13.1604	6.65	-13.15	-3.63709	0
6.60743	-13.1106	2.71521	-3.60442	6.54115	-13.2079	6.5	-13.1	-3.0006	1.00018
6.47695	-13.0486	2.72257	-3.66444	6.35317	-13.0396	6.35	-13.05	-3.0006	1.00019
6.40773	-13.0479	2.53697	-3.64417	6.27012	-13.1139	6.25	-13.05	-1.81729	0
6.27351	-12.9858	2.54719	-3.69983	6.14459	-13.0471	6.15	-13.05	-1.81729	0
6.13871	-12.8889	2.5991	-3.78119	5.99498	-12.9442	6	-12.95	-2.72861	1.81906
6.01072	-12.8079	2.60991	-3.83727	5.86379	-12.8408	5.85	-12.85	-2.72861	1.81907
5.91454	-12.7386	2.58273	-3.87893	5.73761	-12.8672	5.7	-12.8	-2.99988	0.999964
5.79227	-12.6655	2.6008	-3.92089	5.55118	-12.7486	5.55	-12.75	-2.99985	0.999954
5.71973	-12.6086	2.51273	-3.94584	5.45236	-12.7392	5.45	-12.7	-2.00001	1
5.60235	-12.5354	2.53081	-3.9815	5.35556	-12.6423	5.35	-12.65	-1.99998	0.999994
5.50282	-12.442	2.55254	-4.02942	5.26451	-12.5511	5.25	-12.55	-1.99732	1.99733
5.39056	-12.3588	2.56942	-4.06315	5.13769	-12.4355	5.15	-12.45	-1.9973	1.9973
5.2985	-12.2586	2.56382	-4.1085	5.1317	-12.5744	5.05	-12.35	-1.8206	1.82059
5.18566	-12.1598	2.57877	-4.1435	4.94432	-12.2438	4.95	-12.25	-1.82058	1.82058
5.0465	-12.0301	2.7224	-4.18549	4.89215	-12.1623	4.85	-12.1	-1.9998	2.99969
4.95106	-11.9242	2.73317	-4.21866	4.75047	-11.9578	4.75	-11.95	-1.9998	2.9997
4.90431	-11.8175	2.67917	-4.26514	4.6421	-11.7788	4.7	-11.85	-1.00002	2.00003
4.82031	-11.7087	2.68728	-4.29715	4.63967	-11.7513	4.65	-11.75	-1.00001	2.00002
4.70331	-11.5824	2.77484	-4.31785	4.58347	-11.632	4.6	-11.6	-0.998955	2.99688
4.64138	-11.4571	2.77762	-4.35842	4.56619	-11.4576	4.55	-11.45	-0.99896	2.99689
4.5456	-11.322	2.84099	-4.38132	4.46846	-11.2092	4.5	-11.3	-1.00106	3.00319
4.49876	-11.1854	2.84281	-4.42559	4.46017	-11.1425	4.45	-11.15	-1.00106	3.00319
4.56776	-11.0394	2.71972	-4.53637	4.43672	-11.0976	4.45	-11.05	0	1.8168
4.52799	-10.9004	2.71991	-4.57905	4.43803	-10.9525	4.45	-10.95	0	1.81679
4.47937	-10.7698	2.73884	-4.6051	4.40556	-10.7068	4.45	-10.8	0	3.00139
4.4652	-10.636	2.73808	-4.65016	4.45507	-10.6618	4.45	-10.65	0	3.00138
4.60404	-10.4886	2.65617	-4.79899	4.44716	-10.5583	4.45	-10.55	0	2.00041
4.59555	-10.3677	2.6524	-4.83764	4.45187	-10.4417	4.45	-10.45	0	2.00038
4.59937	-10.2405	2.65274	-4.87911	4.45602	-10.2142	4.5	-10.3	0.999584	2.99875
4.61627	-10.1136	2.6509	-4.92571	4.55349	-10.1343	4.55	-10.15	0.999574	2.99871
4.56258	-9.98064	2.66404	-4.91237	4.56608	-10.005	4.55	-10	0	2.72717
4.59168	-9.83887	2.66318	-4.96265	4.55922	-9.84124	4.55	-9.85	0	2.72714
4.65856	-9.6975	2.65953	-5.03677	4.62339	-9.6559	4.65	-9.7	1.8193	2.72895
4.71263	-9.55814	2.66145	-5.09173	4.7439	-9.53522	4.75	-9.55	1.81929	2.72894
4.66338	-9.42989	2.66256	-5.05155	4.74852	-9.27389	4.8	-9.4	1.00006	3.00019
4.72312	-9.2994	2.66907	-5.10031	4.8446	-9.24095	4.85	-9.25	1.00005	3.00015
4.89603	-9.18586	2.67406	-5.24623	4.98605	-9.20516	4.95	-9.15	2.00004	2.00005
4.97206	-9.06918	2.67761	-5.29745	5.02283	-9.03066	5.05	-9.05	2.00004	2.00004
4.92624	-8.94885	2.64194	-5.23144	5.12819	-8.95913	5.1	-8.9	0.999704	2.99911
5.00655	-8.8273	2.65112	-5.27785	5.14109	-8.73073	5.15	-8.75	0.999689	2.99907
5.15643	-8.7162	2.66913	-5.38573	5.33883	-8.81618	5.25	-8.65	1.81848	1.81849
5.25953	-8.60033	2.67468	-5.43902	5.36408	-8.56805	5.35	-8.55	1.81846	1.81846
5.25816	-8.47805	2.63488	-5.38945	5.38848	-8.31037	5.45	-8.4	2.00068	3.00103
5.35749	-8.36692	2.64727	-5.43263	5.53874	-8.25196	5.55	-8.25	2.00066	3.00099
5.48197	-8.26824	2.66748	-5.50128	5.56632	-8.04704	5.65	-8.15	1.99952	1.99953
5.59094	-8.16628	2.67911	-5.54487	5.7459	-8.05196	5.75	-8.05	1.9995	1.9995
5.62878	-8.04911	2.64432	-5.51254	5.78426	-7.91676	5.8	-7.95	0.999944	1.99989
5.73405	-7.95226	2.65241	-5.55043	5.84978	-7.88144	5.85	-7.85	0.999939	1.99988
5.8178	-7.84743	2.64679	-5.5607	5.92249	-7.69769	5.95	-7.75	1.99772	1.99772
5.92747	-7.75235	2.65661	-5.59588	6.04031	-7.64732	6.05	-7.65	1.99771	1.9977
6.02612	-7.64385	2.64926	-5.6073	6.16773	-7.55437	6.15	-7.55	1.8199	1.8199
6.14844	-7.54643	2.65787	-5.64327	6.23866	-7.45306	6.25	-7.45	1.8199	1.81991
6.2875	-7.47114	2.6852	-5.7051	6.25322	-7.17734	6.4	-7.35	2.99605	1.99736
6.41238	-7.38672	2.69847	-5.73887	6.55461	-7.24907	6.55	-7.25	2.99605	1.99736
6.55112	-7.3079	2.70937	-5.78136	6.67172	-7.23041	6.65	-7.2	1.8206	0.910303
6.68777	-7.23167	2.71593	-5.81881	6.74664	-7.15616	6.75	-7.15	1.8206	0.910298
6.74568	-7.12851	2.6524	-5.77177	6.79888	-6.99594	6.85	-7.05	1.99848	1.99848
6.86908	-7.05578	2.66114	-5.79928	6.95342	-6.96092	6.95	-6.95	1.99846	1.99846
7.00277	-6.98007	2.66496	-5.82501	7.17955	-6.9446	7.1	-6.85	2.72688	1.81792
7.14463	-6.89983	2.67902	-5.8524	7.24929	-6.7261	7.25	-6.75	2.72688	1.81792
7.22135	-6.78084	2.61852	-5.79436	7.42782	-6.72337	7.35	-6.65	1.81821	1.81821
7.35853	-6.69867	2.63165	-5.81454	7.46332	-6.54842	7.45	-6.55	1.81821	1.81821
7.47759	-6.61131	2.6232	-5.81295	7.54452	-6.5069	7.55	-6.5	1.81726	0.908632
7.61102	-6.5392	2.6294	-5.83291	7.65373	-6.46481	7.65	-6.45	1.81726	0.908632
7.76479	-6.49215	2.6531	-5.88248	7.8635	-6.45394	7.8	-6.4	2.72951	0.909839
7.9037	-6.42764	2.65965	-5.90396	7.94162	-6.34466	7.95	-6.35	2.72948	0.909826
7.97511	-6.32047	2.60201	-5.84576	7.89525	-6.11857	8.05	-6.25	2.00047	2.00048
8.09713	-6.2542	2.6095	-5.85824	8.12355	-6.14389	8.15	-6.15	2.00048	2.00048
8.22033	-6.1707	2.60288	-5.85085	8.31422	-6.05705	8.3	-6.05	2.72702	1.81801
8.35938	-6.0963	2.61473	-5.86184	8.45315	-5.97158	8.45	-5.95	2.727	1.818
8.46297	-6.0105	2.59973	-5.83937	8.53167	-5.90349	8.55	-5.9	2.00127	1.00064
8.58635	-5.94233	2.60871	-5.84684	8.64207	-5.83392	8.65	-5.85	2.00128	1.00064
8.7176	-5.8875	2.62272	-5.86688	8.88764	-5.82241	8.8	-5.75	2.99963	1.99976
8.84739	-5.81441	2.63713	-5.87216	8.94256	-5.64534	8.95	-5.65	2.99961	1.99974
8.93981	-5.7066	2.60705	-5.81874	9.21669	-5.64514	9.05	-5.55	1.99699	1.997
9.06583	-5.627	2.62141	-5.81894	9.15342	-5.45253	9.15	-5.45	1.997	1.99701
9.16552	-5.50088	2.59813	-5.75928	9.16723	-5.29709	9.25	-5.35	1.8166	1.81659
9.2962	-5.40832	2.6109	-5.75507	9.34852	-5.23619	9.35	-5.25	1.8166	1.81659
9.39578	-5.2792	2.59714	-5.69756	9.39027	-5.1041	9.45	-5.15	1.8222	1.82219
9.51855	-5.18358	2.60659	-5.69033	9.54207	-5.04728	9.55	-5.05	1.82219	1.82219
9.63464	-5.11555	2.61356	-5.70003	9.62802	-5.02338	9.65	-5	1.99604	0.998028
9.74574	-5.03267	2.61927	-5.69567	9.75	-4.94288	9.75	-4.95	1.99605	0.998028
9.83388	-4.90115	2.60036	-5.63198	9.88102	-4.86216	9.85	-4.85	1.81895	1.81894
9.94789	-4.80865	2.60315	-5.62463	9.94502	-4.76247	9.95	-4.75	1.81894	1.81894
10.0276	-4.66426	2.58973	-5.55146	10.0747	-4.62454	10.05	-4.6	1.81966	2.72951
10.1348	-4.55603	2.59656	-5.53693	10.1384	-4.4533	10.15	-4.45	1.81965	2.72948
10.2293	-4.43647	2.59724	-5.50448	10.1743	-4.32841	10.25	-4.35	1.81908	1.81907
10.3323	-4.32711	2.60245	-5.48985	10.3492	-4.25956	10.35	-4.25	1.81908	1.81907
10.4161	-4.21332	2.6052	-5.45822	10.56	-4.15868	10.45	-4.1	2.00061	3.0009
10.5086	-4.09985	2.61646	-5.44097	10.5557	-3.96034	10.55	-3.95	2.0006	3.0009
10.6234	-4.02111	2.62814	-5.46644	10.7738	-3.89129	10.65	-3.85	1.99963	1.99964
10.7162	-3.90601	2.63965	-5.45127	10.7394	-3.74821	10.75	-3.75	1.99962	1.99962
10.7339	-3.72727	2.62313	-5.32955	10.7674	-3.58281	10.8	-3.6	0.999844	2.99952
10.8134	-3.59989	2.63612	-5.30697	10.8596	-3.4348	10.85	-3.45	0.999834	2.99949
10.9276	-3.52595	2.63999	-5.35172	10.9601	-3.36033	10.95	-3.35	2.00065	2.00064
11.0094	-3.40191	2.65178	-5.33412	11.0504	-3.25128	11.05	-3.25	2.00064	2.00064
11.0327	-3.23753	2.64816	-5.24078	11.0282	-3.07488	11.1	-3.1	0.998546	2.99563
11.103	-3.1038	2.66112	-5.21784	11.1569	-2.944	11.15	-2.95	0.998526	2.9956
11.0884	-2.88853	2.67277	-5.06927	11.1386	-2.78926	11.15	-2.8	0	2.73104
11.1383	-2.74011	2.67922	-5.03691	11.141	-2.65084	11.15	-2.65	0	2.73102
11.1412	-2.5557	2.69886	-4.94274	11.1042	-2.54354	11.15	-2.55	0	1.81785
11.171	-2.41555	2.69511	-4.90875	11.1497	-2.45904	11.15	-2.45	0	1.81785
11.2861	-2.36303	2.64514	-5.00993	11.1658	-2.25651	11.25	-2.25	1.99733	3.99465
11.3262	-2.21804	2.65793	-4.98449	11.3591	-2.05184	11.35	-2.05	1.99733	3.99465
11.3317	-2.05406	2.66501	-4.91933	11.3117	-1.92025	11.35	-1.95	0	1.81854
11.3593	-1.90602	2.66772	-4.89064	11.3504	-1.8663	11.35	-1.85	0	1.81853
11.3698	-1.75174	2.67279	-4.84535	11.4185	-1.70062	11.35	-1.7	0	2.72762
11.3855	-1.59872	2.67719	-4.81473	11.3568	-1.53205	11.35	-1.55	0	2.72762
11.3045	-1.41584	2.69815	-4.67741	11.2541	-1.38373	11.3	-1.4	-0.908846	2.72653
11.2933	-1.26527	2.69894	-4.63887	11.2429	-1.24238	11.25	-1.25	-0.908846	2.72653
11.1734	-1.07255	2.75347	-4.47777	11.0754	-1.08747	11.15	-1.1	-1.82014	2.73021
11.13	-0.926458	2.75223	-4.42966	11.0544	-0.927069	11.05	-0.949999	-1.82013	2.73021
11.0565	-0.78115	2.77788	-4.3507	10.9247	-0.791254	11	-0.799999	-1.00036	3.00107
11.0008	-0.651428	2.77797	-4.30452	10.9434	-0.640459	10.95	-0.65	-1.00035	3.00104
10.8695	-0.498161	2.84449	-4.17733	10.7146	-0.485949	10.85	-0.5	-2.00003	3.00006
10.7912	-0.376444	2.84511	-4.12572	10.7471	-0.362528	10.75	-0.35	-2.00002	3.00003
10.6966	-0.250555	2.84748	-4.06494	10.6895	-0.304531	10.65	-0.3	-1.81779	0.908892
10.5952	-0.140879	2.83786	-4.00658	10.547	-0.266677	10.55	-0.25	-1.81778	0.908893
10.431	-0.0294085	2.91848	-3.87929	10.5032	-0.154501	10.4	-0.15	-3.00061	2.00041
10.3157	0.05523	2.91083	-3.81982	10.2485	-0.0475524	10.25	-0.0499992	-3.0006	2.00041
10.2259	0.122082	2.85435	-3.78835	10.1407	-0.0721585	10.15	-0.0499992	-1.99645	0
10.1037	0.181493	2.83796	-3.72678	10.0313	-0.0518611	10.05	-0.0499992	-1.99644	0
9.95885	0.248101	2.84939	-3.64909	10.0898	-0.00166396	9.9	9.49949e-07	-2.73175	0.910584
9.81399	0.2937	2.83265	-3.57829	9.74695	0.0464954	9.75	0.0500011	-2.73174	0.910584
9.65543	0.338019	2.87572	-3.49399	9.50402	0.0833188	9.6	0.100001	-2.99544	0.998471
9.51388	0.360537	2.86249	-3.42607	9.45825	0.149456	9.45	0.15	-2.99545	0.998471
9.40289	0.346701	2.72218	-3.37435	9.22819	0.16178	9.35	0.15	-1.81963	0
9.254	0.352239	2.7098	-3.3005	9.24456	0.139817	9.25	0.15	-1.81962	0
9.10535	0.370511	2.74732	-3.23497	9.0729	0.205961	9.1	0.2	-3.00059	1.0002
8.96718	0.3658	2.74174	-3.16974	8.96281	0.250937	8.95	0.25	-3.0006	1.0002
8.82308	0.367407	2.76339	-3.10946	8.84168	0.257617	8.8	0.25	-2.99995	0
8.68299	0.346618	2.76022	-3.04368	8.65606	0.24536	8.65	0.25	-2.99994	0
8.54023	0.330243	2.77348	-2.98457	8.43549	0.247188	8.5	0.25	-2.99323	0
8.40024	0.29843	2.77383	-2.92124	8.34184	0.250769	8.35	0.25	-2.9932	0
8.2564	0.248049	2.76221	-2.84763	8.27073	0.243988	8.2	0.25	-2.73233	0
8.1092	0.205619	2.76454	-2.78476	8.03847	0.260731	8.05	0.25	-2.73234	0
7.96873	0.203028	2.79754	-2.76147	7.98053	0.204587	7.9	0.2	-3.00234	-1.00078
7.83502	0.147425	2.80042	-2.70325	7.73327	0.149199	7.75	0.15	-3.00231	-1.00077
7.67766	0.179745	2.8532	-2.72145	7.46173	0.143776	7.6	0.15	-2.99599	0
7.54409	0.12075	2.85525	-2.66879	7.45455	0.149294	7.45	0.15	-2.99596	0
7.4417	-0.0370808	2.80834	-2.53659	7.37986	0.0951006	7.35	0.100001	-1.81801	-0.908998
7.31502	-0.112498	2.80488	-2.48152	7.26713	0.055036	7.25	0.0500011	-1.81801	-0.908998
7.15883	-0.083797	2.81338	-2.52497	7.32548	-0.0461763	7.1	-0.0499995	-2.72495	-1.81664
7.02965	-0.173459	2.81483	-2.46991	6.93127	-0.133333	6.95	-0.15	-2.72492	-1.81662
6.98448	-0.414751	2.78739	-2.27618	7.09668	-0.264116	6.9	-0.25	-0.910634	-1.82126
6.88707	-0.520025	2.78125	-2.21741	6.84796	-0.34284	6.85	-0.35	-0.910622	-1.82124
6.70658	-0.387921	2.71759	-2.38833	6.64638	-0.45061	6.7	-0.45	-2.99641	-1.99759
6.60605	-0.486855	2.72129	-2.34103	6.54772	-0.536719	6.55	-0.549999	-2.99637	-1.99757
6.55841	-0.685617	2.72332	-2.19973	6.50462	-0.718	6.5	-0.7	-0.909955	-2.72986
6.47269	-0.811799	2.72562	-2.14215	6.45451	-0.851695	6.45	-0.85	-0.909955	-2.72986
6.43697	-0.993951	2.75244	-2.0231	6.42547	-0.999512	6.4	-1	-0.999224	-2.99766
6.37871	-1.12202	2.75489	-1.96687	6.3554	-1.1624	6.35	-1.15	-0.99921	-2.99763
6.31279	-1.25518	2.75087	-1.91996	6.14523	-1.27904	6.3	-1.3	-0.908722	-2.72618
6.26299	-1.402	2.75407	-1.85954	6.2299	-1.45381	6.25	-1.45	-0.908718	-2.72616
6.31388	-1.67216	2.86047	-1.65038	6.37158	-1.60661	6.3	-1.6	0.910485	-2.73144
6.30971	-1.82481	2.85629	-1.57954	6.34473	-1.75136	6.35	-1.75	0.910481	-2.73144
6.31068	-1.95255	2.83855	-1.52468	6.34	-1.88987	6.35	-1.9	0	-2.99515
6.32446	-2.09126	2.83549	-1.4601	6.35828	-2.03886	6.35	-2.05	0	-2.99515
6.32692	-2.21455	2.78547	-1.42444	6.45002	-2.23466	6.35	-2.2	0	-2.72856
6.35367	-2.36408	2.78478	-1.35695	6.34057	-2.34076	6.35	-2.35	0	-2.72854
6.4051	-2.5254	2.81007	-1.27198	6.4979	-2.56206	6.4	-2.5	0.908227	-2.7247
6.45573	-2.6705	2.80926	-1.2028	6.45265	-2.65056	6.45	-2.65	0.908223	-2.72467
6.45433	-2.75643	2.66482	-1.20936	6.46538	-2.81029	6.45	-2.8	0	-2.72732
6.50597	-2.89511	2.6678	-1.14838	6.45762	-2.94003	6.45	-2.95	0	-2.7273
6.5687	-3.0459	2.70013	-1.08061	6.36717	-3.08903	6.5	-3.15	0.909078	-3.6363
6.63257	-3.18574	2.7088	-1.0233	6.54349	-3.33906	6.55	-3.35	0.90907	-3.63626
6.68569	-3.3157	2.68234	-0.984127	6.6454	-3.53435	6.6	-3.5	0.910038	-2.7301
6.75746	-3.45282	2.69403	-0.932479	6.65608	-3.67065	6.65	-3.65	0.910033	-2.7301
6.81135	-3.5733	2.64861	-0.90171	6.70981	-3.81998	6.7	-3.8	0.908095	-2.7243
6.88613	-3.70744	2.66185	-0.85716	6.74422	-3.95901	6.75	-3.95	0.908091	-2.72428
6.93604	-3.81515	2.59141	-0.834317	6.72525	-4.05329	6.8	-4.1	0.910949	-2.73284
7.00996	-3.94808	2.60646	-0.798744	6.83817	-4.25449	6.85	-4.25	0.910945	-2.73284
7.04531	-4.03117	2.50432	-0.786661	6.86491	-4.32753	6.9	-4.35	0.999834	-1.99968
7.11154	-4.14947	2.51778	-0.7606	6.94879	-4.45387	6.95	-4.45	0.999829	-1.99966
7.1974	-4.29679	2.60646	-0.731338	6.99339	-4.57763	7.05	-4.6	1.99653	-2.99479
7.27287	-4.41839	2.62036	-0.709151	7.14339	-4.76622	7.15	-4.75	1.99653	-2.99479
7.32943	-4.50748	2.55902	-0.690825	7.11889	-4.79341	7.2	-4.85	1.00098	-2.00196
7.40464	-4.62406	2.5703	-0.672523	7.25883	-4.94719	7.25	-4.95	1.00097	-2.00194
7.47749	-4.7324	2.53842	-0.653442	7.28536	-5.09276	7.3	-5.1	0.90969	-2.72906
7.55491	-4.86475	2.54956	-0.643032	7.33925	-5.24908	7.35	-5.25	0.909677	-2.72904
7.65562	-5.03336	2.67686	-0.6399	7.33914	-5.30864	7.45	-5.4	1.99976	-2.99964
7.731	-5.16317	2.68659	-0.636936	7.5499	-5.55354	7.55	-5.55	1.99976	-2.99964
7.78869	-5.2491	2.61148	-0.625532	7.59167	-5.64447	7.6	-5.65	1.00038	-2.00076
7.85954	-5.37607	2.61796	-0.626356	7.64483	-5.73357	7.65	-5.75	1.00037	-2.00074
7.95947	-5.52285	2.67137	-0.623103	7.6402	-5.81769	7.75	-5.9	1.81659	-2.7249
8.04197	-5.66569	2.67731	-0.627247	7.84396	-6.051	7.85	-6.05	1.81659	-2.7249
8.10026	-5.74601	2.56794	-0.61461	7.91394	-6.15143	7.9	-6.15	0.909251	-1.81851
8.17465	-5.88793	2.57154	-0.624041	7.95018	-6.25957	7.95	-6.25	0.909247	-1.81849
8.26761	-6.01355	2.58539	-0.620629	8.10134	-6.38026	8.05	-6.35	1.81576	-1.81577
8.34778	-6.14898	2.58726	-0.627418	8.15891	-6.45832	8.15	-6.45	1.81577	-1.81577
8.45818	-6.28947	2.64497	-0.627188	8.3424	-6.65648	8.25	-6.6	1.8218	-2.73269
8.53654	-6.43141	2.6457	-0.639546	8.33273	-6.74641	8.35	-6.75	1.8218	-2.73269
8.61735	-6.54654	2.61698	-0.63965	8.46635	-6.96022	8.4	-6.9	0.907987	-2.72401
8.68622	-6.69804	2.61651	-0.660632	8.44383	-7.03914	8.45	-7.05	0.907988	-2.72398
8.76693	-6.82559	2.60783	-0.667316	8.53661	-7.23635	8.5	-7.2	0.910054	-2.73014
8.82554	-6.98926	2.60704	-0.697661	8.55761	-7.36836	8.55	-7.35	0.910046	-2.73012
8.90803	-7.11425	2.62615	-0.703947	8.70486	-7.48959	8.65	-7.45	1.99827	-1.99828
8.96566	-7.25784	2.62585	-0.727616	8.7565	-7.55536	8.75	-7.55	1.99828	-1.99828
9.04476	-7.38581	2.61947	-0.73541	8.74707	-7.66927	8.8	-7.7	0.909061	-2.72717
9.10177	-7.54685	2.6188	-0.764944	8.85031	-7.85391	8.85	-7.85	0.909053	-2.72715
9.17164	-7.6766	2.60265	-0.777306	8.88546	-7.96913	8.9	-8	0.908945	-2.72688
9.21907	-7.84559	2.60281	-0.812979	8.95085	-8.16397	8.95	-8.15	0.908953	-2.72687
9.28839	-7.97636	2.59237	-0.825236	9.03618	-8.239	9.05	-8.25	1.82026	-1.82027
9.3452	-8.12911	2.59333	-0.849919	9.15149	-8.34807	9.15	-8.35	1.82025	-1.82026
9.44331	-8.25145	2.64671	-0.841595	9.14011	-8.44049	9.2	-8.5	0.999884	-2.99963
9.48229	-8.40588	2.64833	-0.874401	9.22902	-8.65053	9.25	-8.65	0.999874	-2.9996
9.55411	-8.53081	2.6618	-0.880626	9.23666	-8.722	9.3	-8.8	0.999284	-2.99783
9.59104	-8.6894	2.66574	-0.914708	9.36398	-8.95164	9.35	-8.95	0.999284	-2.99784
9.59953	-8.83011	2.58095	-0.964955	9.47823	-9.13791	9.4	-9.05	0.909209	-1.81844
9.64067	-8.98765	2.58382	-0.993759	9.43696	-9.1575	9.45	-9.15	0.90921	-1.81843
9.69956	-9.12389	2.58353	-1.00704	9.44585	-9.27158	9.5	-9.3	0.908483	-2.72543
9.73591	-9.28388	2.58799	-1.03697	9.53884	-9.45193	9.55	-9.45	0.908475	-2.72542
9.80266	-9.42147	2.5998	-1.04315	9.6872	-9.68187	9.6	-9.6	0.909756	-2.72927
9.838	-9.58284	2.60627	-1.07217	9.67284	-9.75791	9.65	-9.75	0.909739	-2.72923
9.9266	-9.70892	2.64989	-1.0552	9.86489	-10.0711	9.7	-9.9	0.998626	-2.99586
9.95009	-9.86495	2.65785	-1.0867	9.74713	-10.0467	9.75	-10.05	0.998616	-2.99584
9.93257	-10.0174	2.59139	-1.15368	9.75497	-10.1932	9.75	-10.2	0	-2.72857
9.94766	-10.1871	2.60054	-1.18945	9.74697	-10.3629	9.75	-10.35	0	-2.72854
10.0064	-10.3266	2.61745	-1.18892	9.77249	-10.4428	9.8	-10.5	0.909773	-2.7293
10.0245	-10.4927	2.62676	-1.2196	9.86261	-10.6462	9.85	-10.65	0.909773	-2.7293
9.99564	-10.652	2.5833	-1.29034	9.86786	-10.8223	9.85	-10.8	0	-2.72846
10.0019	-10.8161	2.59225	-1.32236	9.8455	-10.9408	9.85	-10.95	0	-2.72844
10.0009	-10.969	2.58258	-1.36218	9.84594	-11.0973	9.85	-11.1	0	-2.72748
9.99738	-11.1334	2.59223	-1.39517	9.83549	-11.2481	9.85	-11.25	0	-2.72745
10.0242	-11.2675	2.60269	-1.40093	9.8926	-11.4631	9.85	-11.4	0	-2.9967
10.0152	-11.4221	2.61463	-1.43167	9.87136	-11.5692	9.85	-11.55	0	-2.99671
9.94584	-11.5853	2.58464	-1.52247	9.89882	-11.7746	9.8	-11.7	-0.909227	-2.72768
9.91958	-11.7503	2.59627	-1.55884	9.74749	-11.8623	9.75	-11.85	-0.909218	-2.72765
9.83596	-11.9123	2.58046	-1.65216	9.75738	-12.0161	9.7	-12	-0.908714	-2.72613
9.79769	-12.0701	2.59015	-1.68862	9.65408	-12.1513	9.65	-12.15	-0.908706	-2.7261
9.64745	-12.2338	2.57765	-1.83253	9.60373	-12.2428	9.6	-12.25	-0.909639	-1.81931
9.60187	-12.3698	2.57787	-1.86591	9.54006	-12.3354	9.55	-12.35	-0.90964	-1.8193
9.37555	-12.5261	2.58645	-2.06851	9.38815	-12.3607	9.45	-12.45	-1.81824	-1.81825
9.31413	-12.6391	2.5791	-2.1051	9.35049	-12.5377	9.35	-12.55	-1.81823	-1.81823
9.09322	-12.7728	2.6173	-2.28913	9.33568	-12.8372	9.2	-12.65	-2.72578	-1.81718
9.00475	-12.868	2.6093	-2.33527	9.04708	-12.7528	9.05	-12.75	-2.72576	-1.81717
8.89265	-12.965	2.61236	-2.39749	8.97697	-12.8161	8.95	-12.85	-1.8192	-1.81921
8.79363	-13.0498	2.60458	-2.44532	8.84904	-12.9423	8.85	-12.95	-1.81921	-1.81921
8.66867	-13.1329	2.60871	-2.50988	8.64934	-12.9537	8.7	-13.05	-2.72781	-1.81854
8.55172	-13.2101	2.60589	-2.56135	8.5479	-13.1496	8.55	-13.15	-2.7278	-1.81853
8.28489	-13.2322	2.68425	-2.77784	8.43462	-13.263	8.4	-13.15	-2.72644	0
8.15798	-13.2695	2.67377	-2.83862	8.26001	-13.1483	8.25	-13.15	-2.72641	0
7.9683	-13.2768	2.73049	-2.96895	8.10139	-13.1447	8.1	-13.15	-3.00083	0
7.84539	-13.2851	2.7199	-3.02994	7.95138	-13.1593	7.95	-13.15	-3.00084	0
7.74184	-13.3178	2.66609	-3.0464	7.85182	-13.2702	7.8	-13.2	-2.72553	-0.908516
7.60007	-13.3222	2.66167	-3.11106	7.64076	-13.2654	7.65	-13.25	-2.72554	-0.908516
7.41123	-13.2811	2.72346	-3.24085	7.51359	-13.2891	7.5	-13.2	-2.72544	0.908483
7.2722	-13.2514	2.71446	-3.31173	7.35762	-13.1417	7.35	-13.15	-2.72544	0.908483
7.15381	-13.2447	2.66353	-3.3435	7.19553	-13.2012	7.2	-13.15	-2.73035	0
7.01579	-13.2061	2.6595	-3.4112	7.05296	-13.1563	7.05	-13.15	-2.73035	0
6.88562	-13.176	2.63679	-3.46089	6.87644	-13.2105	6.85	-13.15	-3.63616	0
6.74296	-13.1283	2.64139	-3.52535	6.672	-13.1364	6.65	-13.15	-3.63617	0
6.65416	-13.1411	2.50852	-3.50618	6.53838	-13.1322	6.55	-13.15	-1.81656	0
6.52028	-13.0948	2.51403	-3.56208	6.46904	-13.1587	6.45	-13.15	-1.81657	0
6.39492	-13.0452	2.50301	-3.60992	6.22921	-13.0167	6.3	-13.1	-2.73109	0.910352
6.26245	-12.9867	2.51165	-3.66352	6.15723	-13.0319	6.15	-13.05	-2.73109	0.91036
6.11769	-12.8697	2.60098	-3.76752	5.95573	-12.8757	6	-12.95	-2.72331	1.81553
5.98867	-12.7913	2.61183	-3.82235	5.85711	-12.8423	5.85	-12.85	-2.72331	1.81554
5.89034	-12.7257	2.55687	-3.85869	5.73901	-12.8863	5.7	-12.8	-2.72842	0.909475
5.75989	-12.648	2.57412	-3.90422	5.5559	-12.7556	5.55	-12.75	-2.72839	0.909466
5.63678	-12.5433	2.6193	-3.96597	5.41889	-12.6989	5.4	-12.65	-2.731	1.82067
5.50535	-12.4552	2.64	-4.00629	5.23681	-12.5467	5.25	-12.55	-2.731	1.82066
5.40479	-12.3545	2.63423	-4.05421	5.16911	-12.5003	5.15	-12.45	-1.81821	1.8182
5.28372	-12.2579	2.65126	-4.09199	5.04959	-12.3548	5.05	-12.35	-1.8182	1.8182
5.19944	-12.1607	2.64557	-4.13354	4.99996	-12.3538	4.95	-12.25	-1.99957	1.99957
5.09471	-12.0666	2.65984	-4.16475	4.86969	-12.1416	4.85	-12.15	-1.99954	1.99955
5.05284	-11.9734	2.5824	-4.20908	4.83937	-12.0439	4.8	-12.05	-0.999954	1.99993
4.9627	-11.8742	2.59257	-4.24088	4.77326	-11.9345	4.75	-11.95	-0.999959	1.99992
4.82174	-11.7477	2.72124	-4.26261	4.5839	-11.6711	4.65	-11.8	-2.0002	3.00031
4.73626	-11.6342	2.73	-4.29453	4.54148	-11.6336	4.55	-11.65	-2.0002	3.0003
4.73524	-11.5271	2.62745	-4.35628	4.53697	-11.5591	4.55	-11.55	0	1.99749
4.67158	-11.4128	2.6312	-4.39151	4.55238	-11.4548	4.55	-11.45	0	1.99746
4.48283	-11.2727	2.79886	-4.36563	4.47604	-11.2089	4.5	-11.25	-0.90916	3.63662
4.44021	-11.1203	2.7998	-4.41823	4.45629	-11.0538	4.45	-11.05	-0.909152	3.63659
4.53518	-10.982	2.6394	-4.53983	4.39651	-10.8822	4.45	-10.95	0	1.81807
4.50506	-10.8429	2.63947	-4.58619	4.45899	-10.8664	4.45	-10.85	0	1.81808
4.49311	-10.7005	2.63557	-4.63935	4.493	-10.7885	4.45	-10.7	0	2.72865
4.48014	-10.5575	2.63572	-4.68759	4.44058	-10.5544	4.45	-10.55	0	2.72864
4.48342	-10.4125	2.63302	-4.74184	4.44399	-10.3941	4.45	-10.4	0	2.72392
4.48565	-10.268	2.63334	-4.79064	4.44086	-10.2469	4.45	-10.25	0	2.72391
4.51187	-10.1241	2.62931	-4.8504	4.53204	-10.1814	4.5	-10.1	0.909624	2.72885
4.53785	-9.97895	2.63084	-4.90376	4.54793	-9.94716	4.55	-9.95	0.909615	2.72884
4.58332	-9.83386	2.63086	-4.96635	4.57622	-9.70975	4.6	-9.8	0.909111	2.72733
4.62674	-9.6908	2.63362	-5.02073	4.64364	-9.63888	4.65	-9.65	0.909107	2.72732
4.68905	-9.55191	2.63515	-5.08349	4.76628	-9.54952	4.75	-9.5	1.81921	2.7288
4.75406	-9.41391	2.63947	-5.14053	4.82761	-9.37054	4.85	-9.35	1.81921	2.7288
4.75738	-9.2779	2.6381	-5.13756	4.89701	-9.18082	4.9	-9.2	0.908739	2.72622
4.83286	-9.13863	2.64641	-5.19208	4.94177	-9.04086	4.95	-9.05	0.908743	2.72623
4.97925	-9.01573	2.65863	-5.30655	5.09012	-9.06486	5.05	-8.95	1.8169	1.81688
5.0712	-8.89245	2.66341	-5.36253	5.1385	-8.8446	5.15	-8.85	1.81688	1.81688
5.11763	-8.768	2.6502	-5.36994	5.21345	-8.63875	5.25	-8.7	1.8201	2.73014
5.22054	-8.64653	2.6594	-5.42325	5.33853	-8.54729	5.35	-8.55	1.82008	2.73013
5.28658	-8.52563	2.64927	-5.43818	5.35874	-8.39385	5.4	-8.45	0.910244	1.82049
5.39185	-8.41441	2.65464	-5.48747	5.46213	-8.36055	5.45	-8.35	0.910249	1.8205
5.3914	-8.28878	2.61025	-5.42607	5.63723	-8.3352	5.55	-8.2	1.99657	2.99484
5.49103	-8.18085	2.62208	-5.46465	5.63863	-8.05978	5.65	-8.05	1.99657	2.99485
5.61194	-8.07239	2.63686	-5.51836	5.69655	-7.84304	5.75	-7.95	1.81871	1.81872
5.72823	-7.96417	2.64744	-5.56035	5.84353	-7.85177	5.85	-7.85	1.81871	1.81871
5.85704	-7.86574	2.6623	-5.61276	5.9537	-7.7033	6	-7.75	2.72961	1.81974
5.98601	-7.76699	2.67471	-5.65532	6.14453	-7.66253	6.15	-7.65	2.72961	1.81974
6.06367	-7.66299	2.65307	-5.64534	6.27	-7.55894	6.25	-7.55	1.9992	1.9992
6.18383	-7.57315	2.66675	-5.67954	6.3386	-7.44193	6.35	-7.45	1.99918	1.99918
6.28001	-7.46336	2.64961	-5.67434	6.44365	-7.32743	6.45	-7.35	1.81911	1.81911
6.41172	-7.37064	2.66195	-5.70808	6.54947	-7.257	6.55	-7.25	1.81909	1.81909
6.50675	-7.27544	2.64957	-5.70512	6.71635	-7.22979	6.65	-7.15	1.99996	1.99996
6.62907	-7.18928	2.66365	-5.73168	6.7522	-7.03215	6.75	-7.05	1.99996	1.99996
6.75352	-7.11491	2.67509	-5.76431	6.81357	-6.96259	6.85	-7	1.99752	0.998765
6.87707	-7.03986	2.68412	-5.79153	6.95051	-6.93564	6.95	-6.95	1.99752	0.998765
6.99788	-6.95251	2.6771	-5.80186	7.00414	-6.76319	7.1	-6.85	2.73035	1.82023
7.13875	-6.87363	2.68915	-5.82944	7.25571	-6.75585	7.25	-6.75	2.73035	1.82023
7.22203	-6.77167	2.65232	-5.79427	7.28718	-6.59248	7.35	-6.65	2.0006	2.0006
7.34746	-6.69545	2.66428	-5.81338	7.42947	-6.54884	7.45	-6.55	2.00058	2.00058
7.46775	-6.62338	2.66669	-5.82638	7.58756	-6.53752	7.55	-6.5	1.99841	0.999204
7.59379	-6.55407	2.67562	-5.84537	7.65263	-6.44325	7.65	-6.45	1.99838	0.999195
7.75456	-6.5215	2.7184	-5.91544	7.78988	-6.37954	7.8	-6.4	2.99952	0.999844
7.88854	-6.46098	2.72837	-5.9371	7.95705	-6.33998	7.95	-6.35	2.99949	0.999829
7.95586	-6.34343	2.63479	-5.85788	8.1289	-6.31809	8.05	-6.25	1.81603	1.81603
8.09468	-6.27038	2.64475	-5.87287	8.15184	-6.14215	8.15	-6.15	1.81603	1.81603
8.18406	-6.14937	2.59873	-5.81213	8.12981	-5.95044	8.25	-6.05	1.81921	1.81921
8.31615	-6.07184	2.60711	-5.82091	8.34844	-5.95288	8.35	-5.95	1.81921	1.81921
8.47499	-6.03632	2.63908	-5.87986	8.45627	-5.87026	8.5	-5.9	2.729	0.909673
8.61351	-5.96546	2.64814	-5.89147	8.64546	-5.83668	8.65	-5.85	2.72898	0.909661
8.7438	-5.89078	2.64573	-5.89177	8.68227	-5.68169	8.8	-5.75	2.72771	1.81848
8.88626	-5.81681	2.65825	-5.90042	8.95179	-5.66017	8.95	-5.65	2.72772	1.81848
8.96709	-5.70179	2.61126	-5.83524	8.99196	-5.51961	9.05	-5.55	1.99939	1.9994
9.09246	-5.62444	2.62429	-5.83615	9.15234	-5.45358	9.15	-5.45	1.9994	1.9994
9.20709	-5.52622	2.61079	-5.80638	9.25593	-5.41629	9.25	-5.4	1.81776	0.90888
9.33768	-5.44718	2.61786	-5.80765	9.3462	-5.33648	9.35	-5.35	1.81776	0.908875
9.39651	-5.26942	2.55678	-5.67842	9.35852	-5.15981	9.45	-5.2	1.81545	2.72317
9.51677	-5.17556	2.5651	-5.6696	9.55586	-5.07162	9.55	-5.05	1.81542	2.72314
9.62066	-5.05731	2.56433	-5.63025	9.60543	-4.91132	9.65	-4.95	1.82145	1.82147
9.73539	-4.95657	2.57254	-5.61848	9.75218	-4.8384	9.75	-4.85	1.82146	1.82146
9.84173	-4.84962	2.57336	-5.59199	10.0131	-4.84834	9.85	-4.75	1.81961	1.8196
9.95205	-4.74821	2.57919	-5.58013	9.9571	-4.66087	9.95	-4.65	1.8196	1.8196
10.0465	-4.64909	2.58163	-5.56045	9.99978	-4.51909	10.05	-4.55	1.99827	1.99828
10.1454	-4.54939	2.58939	-5.54769	10.1558	-4.43582	10.15	-4.45	1.99826	1.99826
10.2229	-4.40509	2.58432	-5.48379	10.1567	-4.25503	10.25	-4.3	1.81693	2.72538
10.3235	-4.28776	2.59262	-5.46607	10.3312	-4.16698	10.35	-4.15	1.81692	2.72536
10.436	-4.19493	2.59979	-5.47685	10.3715	-4.04505	10.45	-4.05	1.81951	1.8195
10.5371	-4.07493	2.60955	-5.46064	10.5551	-3.94162	10.55	-3.95	1.8195	1.81951
10.6424	-3.96879	2.61625	-5.45741	10.6459	-3.84961	10.65	-3.85	1.81817	1.81818
10.7408	-3.84979	2.62369	-5.44287	10.746	-3.7455	10.75	-3.75	1.81816	1.81817
10.8375	-3.7326	2.62839	-5.4271	10.9384	-3.6422	10.85	-3.6	1.81621	2.7243
10.934	-3.60389	2.63979	-5.41057	10.9457	-3.45027	10.95	-3.45	1.8162	2.7243
10.9652	-3.42746	2.62702	-5.30599	11.1095	-3.32647	11	-3.3	0.908632	2.72588
11.0459	-3.29088	2.63649	-5.28332	11.0435	-3.16012	11.05	-3.15	0.908632	2.72588
11.0908	-3.12614	2.64235	-5.21402	10.9851	-2.95299	11.1	-3	0.909905	2.72971
11.1597	-2.98286	2.6515	-5.18806	11.1542	-2.85724	11.15	-2.85	0.909888	2.72968
11.1392	-2.76611	2.6658	-5.03978	11.0233	-2.67356	11.15	-2.7	0	2.72847
11.1813	-2.61957	2.66887	-5.00624	11.1324	-2.55807	11.15	-2.55	0	2.72844
11.1765	-2.42882	2.6937	-4.90424	11.2541	-2.42353	11.15	-2.4	0	2.72732
11.1994	-2.28131	2.69363	-4.86684	11.1569	-2.2658	11.15	-2.25	0	2.72732
11.3245	-2.22421	2.63216	-4.98087	11.2203	-2.08998	11.25	-2.1	1.81905	2.72856
11.3607	-2.07031	2.64121	-4.95294	11.3482	-1.94557	11.35	-1.95	1.81905	2.72856
11.2754	-1.87329	2.65181	-4.78513	11.3928	-1.80815	11.3	-1.8	-0.90916	2.72747
11.2808	-1.71917	2.6568	-4.74706	11.2389	-1.64141	11.25	-1.65	-0.909152	2.72745
11.2812	-1.56788	2.66095	-4.70684	11.3341	-1.51762	11.25	-1.5	0	2.72321
11.2769	-1.41425	2.66577	-4.66927	11.2625	-1.34833	11.25	-1.35	0	2.72321
11.2033	-1.23762	2.6988	-4.55418	11.3121	-1.19064	11.2	-1.2	-0.909524	2.72856
11.1756	-1.08815	2.70105	-4.51116	11.1556	-1.0549	11.15	-1.05	-0.909524	2.72856
11.0356	-0.901232	2.77236	-4.34352	10.9982	-0.893223	11.05	-0.9	-1.81945	2.72916
10.9751	-0.758065	2.77387	-4.29101	10.9445	-0.73319	10.95	-0.75	-1.81942	2.72913
10.9187	-0.623267	2.76391	-4.25134	10.8362	-0.586	10.9	-0.599999	-0.909839	2.72952
10.8473	-0.484583	2.7672	-4.20037	10.8388	-0.441032	10.85	-0.449999	-0.909822	2.72949
10.6498	-0.338248	2.88625	-4.01302	10.6309	-0.359954	10.7	-0.349999	-2.99538	1.99692
10.5536	-0.231869	2.88508	-3.95671	10.5529	-0.247121	10.55	-0.25	-2.99539	1.99691
10.4719	-0.135585	2.83355	-3.92797	10.4322	-0.19515	10.45	-0.2	-1.81715	0.908579
10.3576	-0.0391186	2.82576	-3.86698	10.3505	-0.143257	10.35	-0.15	-1.81716	0.908579
10.2098	0.0536961	2.85959	-3.77655	10.2068	-0.109014	10.2	-0.0999996	-2.73194	0.910655
10.078	0.125151	2.84716	-3.71051	10.0541	-0.0441275	10.05	-0.0499992	-2.73194	0.910655
9.93365	0.193024	2.85292	-3.63679	9.89001	0.00816785	9.9	9.49949e-07	-2.72481	0.908268
9.78978	0.242815	2.83975	-3.56727	9.75876	0.0560308	9.75	0.0500011	-2.72477	0.90826
9.69114	0.26871	2.72069	-3.53521	9.63528	0.0929341	9.65	0.100001	-1.81759	0.908784
9.55105	0.304461	2.71009	-3.46854	9.56967	0.149506	9.55	0.15	-1.81757	0.908775
9.40803	0.331773	2.7044	-3.40045	9.56225	0.148577	9.4	0.15	-2.72659	0
9.26089	0.342321	2.69267	-3.32918	9.25348	0.150166	9.25	0.15	-2.72658	0
9.11535	0.348259	2.67952	-3.26072	9.0821	0.207802	9.1	0.2	-2.72925	0.909752
8.96595	0.3478	2.6746	-3.19178	8.93575	0.243169	8.95	0.25	-2.72926	0.909752
8.8146	0.350908	2.69122	-3.12781	8.94634	0.26481	8.8	0.25	-2.72783	0
8.66502	0.333803	2.68853	-3.05952	8.64483	0.254352	8.65	0.25	-2.7278	0
8.51482	0.314628	2.69503	-2.99509	8.46866	0.251128	8.5	0.25	-2.72395	0
8.36806	0.283907	2.6945	-2.92944	8.35775	0.250149	8.35	0.25	-2.72395	0
8.21906	0.260067	2.71368	-2.87526	8.28111	0.196974	8.2	0.2	-2.73278	-0.910929
8.07398	0.209257	2.71458	-2.80853	8.03004	0.154113	8.05	0.15	-2.73279	-0.910929
7.87601	0.373295	2.89054	-2.91408	7.74678	0.154598	7.85	0.15	-3.9992	0
7.73008	0.316452	2.89467	-2.85355	7.63715	0.143302	7.65	0.15	-3.99916	0
7.63633	0.172245	2.80408	-2.73001	7.61982	0.157052	7.55	0.15	-1.99868	0
7.50569	0.117583	2.80532	-2.67964	7.43926	0.160393	7.45	0.15	-1.99866	0
7.35131	0.103463	2.82822	-2.66909	7.34481	0.102019	7.3	0.100001	-2.72622	-0.908734
7.21232	0.0304994	2.82913	-2.61458	7.16771	0.0463372	7.15	0.0500011	-2.72623	-0.908734
7.10398	-0.110287	2.80765	-2.50656	7.05721	-0.05037	7.05	-0.0499995	-1.81887	-1.81889
6.98081	-0.199922	2.80658	-2.45098	6.95035	-0.144849	6.95	-0.15	-1.81888	-1.81889
6.87809	-0.326847	2.80088	-2.3657	6.87212	-0.243254	6.85	-0.25	-1.81792	-1.81792
6.77111	-0.430788	2.79782	-2.30889	6.76317	-0.34818	6.75	-0.35	-1.81792	-1.81792
6.65946	-0.504817	2.78741	-2.28385	6.75759	-0.453523	6.65	-0.45	-1.81881	-1.8188
6.56287	-0.618676	2.78469	-2.22775	6.56412	-0.553924	6.55	-0.549999	-1.81879	-1.81878
6.47189	-0.738087	2.7833	-2.17484	6.60439	-0.765755	6.45	-0.749999	-1.81971	-3.63941
6.38705	-0.871275	2.78704	-2.11598	6.36344	-0.942514	6.35	-0.949999	-1.81969	-3.63937
6.40638	-1.15025	2.85276	-1.8969	6.35624	-1.10001	6.35	-1.1	0	-2.99522
6.36492	-1.28487	2.85137	-1.83497	6.36321	-1.25111	6.35	-1.25	0	-2.99519
6.34665	-1.46514	2.87579	-1.7334	6.30992	-1.40686	6.35	-1.4	0	-2.72817
6.32868	-1.61843	2.87257	-1.66261	6.35537	-1.55723	6.35	-1.55	0	-2.72817
6.32477	-1.76928	2.86539	-1.59186	6.50996	-1.74616	6.35	-1.7	0	-2.72628
6.32935	-1.92226	2.86128	-1.52057	6.35448	-1.83673	6.35	-1.85	0	-2.72628
6.31433	-2.037	2.79942	-1.49729	6.38849	-2.02257	6.35	-2	0	-2.73154
6.33252	-2.1871	2.79692	-1.42929	6.35078	-2.13767	6.35	-2.15	0	-2.73152
6.32321	-2.29282	2.73701	-1.41312	6.28921	-2.27735	6.35	-2.3	0	-2.99503
6.34753	-2.42811	2.73774	-1.35509	6.33355	-2.43768	6.35	-2.45	0	-2.99503
6.39665	-2.58678	2.76589	-1.27343	6.30986	-2.56694	6.4	-2.6	0.909996	-2.73
6.44631	-2.73154	2.76665	-1.20797	6.45623	-2.7536	6.45	-2.75	0.91	-2.73
6.49645	-2.87105	2.75839	-1.14981	6.40481	-2.87127	6.5	-2.9	0.907593	-2.72277
6.56159	-3.00851	2.7592	-1.0854	6.54629	-3.01951	6.55	-3.05	0.907584	-2.72274
6.59598	-3.12021	2.67391	-1.0626	6.70928	-3.32749	6.55	-3.25	0	-3.63617
6.65828	-3.26099	2.68489	-1.00933	6.54763	-3.45513	6.55	-3.45	0	-3.63613
6.71406	-3.39706	2.67708	-0.96807	6.52015	-3.55608	6.6	-3.6	0.909673	-2.72901
6.78432	-3.53326	2.68858	-0.919521	6.64571	-3.73674	6.65	-3.75	0.909661	-2.72898
6.84891	-3.65753	2.66579	-0.881998	6.71319	-3.83967	6.75	-3.85	1.81795	-1.81795
6.93379	-3.78212	2.67384	-0.833194	6.85201	-3.93663	6.85	-3.95	1.81793	-1.81793
7.02392	-3.91992	2.70521	-0.788495	7.13409	-4.28567	6.9	-4.15	0.909979	-3.63994
7.10896	-4.05085	2.71865	-0.750583	6.9548	-4.32855	6.95	-4.35	0.909975	-3.6399
7.16681	-4.13452	2.60569	-0.725164	7.00947	-4.44692	7	-4.45	0.907889	-1.81577
7.24891	-4.2608	2.61813	-0.694882	7.05586	-4.55105	7.05	-4.55	0.907881	-1.81576
7.32872	-4.38622	2.61981	-0.670202	7.15974	-4.75194	7.1	-4.7	0.909789	-2.72935
7.40673	-4.51519	2.63062	-0.649868	7.13261	-4.82718	7.15	-4.85	0.909777	-2.72933
7.5087	-4.68005	2.72365	-0.63444	7.2829	-5.01975	7.25	-5	1.81861	-2.72792
7.59402	-4.81339	2.73296	-0.619757	7.34301	-5.14642	7.35	-5.15	1.81859	-2.72789
7.66182	-4.92088	2.70234	-0.607931	7.32687	-5.26205	7.4	-5.3	0.999994	-3
7.73157	-5.05386	2.71091	-0.607068	7.46174	-5.44979	7.45	-5.45	0.999999	-3
7.81273	-5.16691	2.68169	-0.592883	7.47116	-5.48352	7.55	-5.55	1.81749	-1.81749
7.89718	-5.30233	2.68715	-0.58904	7.65989	-5.6552	7.65	-5.65	1.81747	-1.81747
7.97489	-5.4055	2.63669	-0.575454	7.78563	-5.85993	7.7	-5.8	0.909598	-2.72881
8.04845	-5.55111	2.64003	-0.583856	7.75276	-5.95823	7.75	-5.95	0.909594	-2.72878
8.13062	-5.66799	2.62148	-0.577747	7.79663	-6.00945	7.85	-6.05	1.81964	-1.81964
8.20834	-5.80674	2.62233	-0.584709	7.95034	-6.15505	7.95	-6.15	1.81962	-1.81962
8.32236	-5.975	2.74164	-0.598012	8.04642	-6.30578	8.05	-6.3	1.99731	-2.99599
8.39389	-6.11146	2.74115	-0.610482	8.14855	-6.44643	8.15	-6.45	1.99732	-2.99598
8.45338	-6.19444	2.62971	-0.600849	8.26534	-6.60186	8.2	-6.55	0.909111	-1.81822
8.52715	-6.33683	2.6271	-0.614685	8.25279	-6.64996	8.25	-6.65	0.909111	-1.81822
8.61033	-6.45876	2.61672	-0.616906	8.2109	-6.73286	8.3	-6.8	0.90845	-2.72534
8.67434	-6.6113	2.61243	-0.639919	8.35448	-6.94719	8.35	-6.95	0.908442	-2.72531
8.79114	-6.76601	2.69107	-0.646901	8.61718	-7.22425	8.45	-7.1	1.81925	-2.72886
8.85547	-6.92424	2.68666	-0.673134	8.54666	-7.24803	8.55	-7.25	1.81924	-2.72886
8.94408	-7.05106	2.68316	-0.677577	8.69659	-7.3744	8.65	-7.35	1.82079	-1.8208
9.01363	-7.19796	2.67891	-0.697464	8.74711	-7.43338	8.75	-7.45	1.8208	-1.8208
9.10421	-7.32337	2.70973	-0.701809	8.68846	-7.50096	8.8	-7.6	0.997629	-2.99288
9.15459	-7.4752	2.70563	-0.732157	8.84984	-7.75349	8.85	-7.75	0.997629	-2.99288
9.20218	-7.59656	2.63516	-0.751511	8.77486	-7.80083	8.9	-7.9	0.909127	-2.72742
9.25048	-7.76554	2.63247	-0.787631	8.94604	-8.07116	8.95	-8.05	0.909127	-2.7274
9.27649	-7.89242	2.54519	-0.820389	8.92041	-8.11276	9	-8.15	0.909524	-1.81903
9.32156	-8.04668	2.54169	-0.850432	9.01893	-8.23506	9.05	-8.25	0.909516	-1.81902
9.385	-8.17799	2.53399	-0.864907	9.04724	-8.3711	9.1	-8.4	0.909922	-2.72975
9.42771	-8.33442	2.53326	-0.895945	9.1628	-8.53304	9.15	-8.55	0.909913	-2.72976
9.54854	-8.4621	2.61416	-0.872983	9.09379	-8.55764	9.25	-8.7	1.8169	-2.72535
9.59284	-8.62567	2.61647	-0.905591	9.3508	-8.85468	9.35	-8.85	1.81688	-2.72532
9.65946	-8.76014	2.6142	-0.918063	9.40597	-8.96981	9.4	-9	0.910219	-2.73069
9.69647	-8.92863	2.61825	-0.953983	9.45338	-9.162	9.45	-9.15	0.910228	-2.73069
9.75929	-9.05958	2.63194	-0.963629	9.51544	-9.36256	9.5	-9.3	0.997908	-2.99371
9.78774	-9.21892	2.63791	-0.998862	9.56994	-9.45148	9.55	-9.45	0.997908	-2.99372
9.77312	-9.36842	2.55221	-1.06619	9.62711	-9.59131	9.6	-9.55	0.909971	-1.81993
9.80728	-9.52474	2.5569	-1.09443	9.64603	-9.66938	9.65	-9.65	0.909954	-1.81992
9.80811	-9.6737	2.51373	-1.14823	9.63311	-9.79216	9.65	-9.8	0	-2.73054
9.82933	-9.83133	2.51913	-1.17978	9.64842	-9.95866	9.65	-9.95	0	-2.73053
9.92747	-9.94098	2.5683	-1.14072	9.61381	-9.98703	9.7	-10.1	0.998187	-2.99456
9.94334	-10.0924	2.57645	-1.17156	9.7516	-10.2483	9.75	-10.25	0.998187	-2.99455
10.0054	-10.2308	2.59623	-1.16929	9.7698	-10.3568	9.8	-10.4	0.909806	-2.7294
10.0272	-10.3929	2.60507	-1.19786	9.8633	-10.5382	9.85	-10.55	0.909797	-2.72938
10.0123	-10.5448	2.56503	-1.25751	9.8617	-10.6917	9.85	-10.7	0	-2.72718
10.0197	-10.71	2.57519	-1.29046	9.84674	-10.8547	9.85	-10.85	0	-2.72715
10.0002	-10.8632	2.55033	-1.34754	9.75887	-10.887	9.85	-11	0	-2.72395
10.0019	-11.0246	2.55973	-1.37869	9.86442	-11.1448	9.85	-11.15	0	-2.72395
10.0102	-11.1726	2.55949	-1.40518	9.87245	-11.316	9.85	-11.3	0	-2.73074
10.0027	-11.3346	2.5697	-1.43723	9.85036	-11.4464	9.85	-11.45	0	-2.73075
10.0056	-11.4841	2.57061	-1.4634	9.93142	-11.6783	9.85	-11.6	0	-2.72396
9.99082	-11.6449	2.58054	-1.49501	9.83174	-11.7336	9.85	-11.75	0	-2.72396
9.95495	-11.7844	2.57085	-1.54695	9.80843	-11.8702	9.8	-11.9	-1.0005	-3.00149
9.9257	-11.9351	2.58347	-1.58046	9.75331	-12.0506	9.75	-12.05	-1.0005	-3.0015
9.674	-12.113	2.52688	-1.8262	9.64519	-12.1714	9.65	-12.15	-1.81799	-1.81797
9.62743	-12.2491	2.52857	-1.8622	9.55524	-12.2329	9.55	-12.25	-1.81797	-1.81797
9.56353	-12.3874	2.53201	-1.91268	9.47014	-12.4324	9.45	-12.4	-1.82042	-2.73064
9.49326	-12.5272	2.53975	-1.95516	9.34172	-12.5587	9.35	-12.55	-1.82041	-2.73063
9.29859	-12.6579	2.55692	-2.12288	9.21558	-12.6577	9.25	-12.65	-1.99893	-1.99891
9.22284	-12.7663	2.55838	-2.16306	9.16462	-12.7506	9.15	-12.75	-1.99891	-1.9989
9.08668	-12.8825	2.57416	-2.25867	9.08802	-12.8351	9.05	-12.85	-1.81839	-1.81839
8.99195	-12.9872	2.57312	-2.30426	8.95936	-12.9426	8.95	-12.95	-1.81838	-1.81838
8.70988	-13.0744	2.64252	-2.53822	8.8569	-13.1416	8.8	-13	-2.72942	-0.909806
8.59686	-13.1443	2.63494	-2.59249	8.65422	-13.0444	8.65	-13.05	-2.72941	-0.909806
8.49268	-13.2092	2.62748	-2.63457	8.49168	-13.0983	8.5	-13.15	-2.99987	-1.99991
8.37382	-13.2684	2.62735	-2.68639	8.3436	-13.2381	8.35	-13.25	-2.99984	-1.9999
8.12814	-13.2744	2.71512	-2.88336	8.19421	-13.0768	8.25	-13.2	-1.99797	0.998985
8.01212	-13.2923	2.70224	-2.94147	8.15674	-13.1486	8.15	-13.15	-1.99797	0.998985
7.90282	-13.3277	2.66311	-2.96848	7.9999	-13.1879	8	-13.2	-2.73	-0.910004
7.76721	-13.3407	2.65541	-3.03171	7.85314	-13.2533	7.85	-13.25	-2.73	-0.910004
7.57827	-13.316	2.70746	-3.15616	7.57824	-13.1345	7.65	-13.25	-3.62957	0
7.43223	-13.304	2.7039	-3.22494	7.45422	-13.2433	7.45	-13.25	-3.62953	0
7.30378	-13.3015	2.67312	-3.26729	7.33241	-13.2718	7.3	-13.25	-2.7301	0
7.15724	-13.2759	2.67299	-3.33416	7.13166	-13.2372	7.15	-13.25	-2.73007	0
7.02826	-13.2595	2.64194	-3.37603	6.97467	-13.1643	7	-13.25	-2.72703	0
6.88462	-13.2233	2.64466	-3.43967	6.84852	-13.2404	6.85	-13.25	-2.727	0
6.74245	-13.1736	2.65409	-3.50881	6.7113	-13.2598	6.7	-13.2	-2.72742	0.909144
6.60295	-13.121	2.6583	-3.57167	6.55626	-13.1584	6.55	-13.15	-2.72742	0.909144
6.46662	-13.0509	2.66731	-3.64066	6.32545	-12.9303	6.4	-13.1	-2.72703	0.908994
6.33092	-12.9841	2.6746	-3.70163	6.25112	-13.0473	6.25	-13.05	-2.727	0.908995
6.22021	-12.9273	2.62592	-3.74089	6.09711	-13.0021	6.1	-13	-2.73	0.910004
6.08705	-12.8557	2.63798	-3.79552	5.95513	-12.9613	5.95	-12.95	-2.72998	0.909996
5.98992	-12.7987	2.59876	-3.8305	5.89343	-13.1185	5.8	-12.9	-2.99275	0.99759
5.86639	-12.7297	2.61523	-3.87385	5.6635	-12.8347	5.65	-12.85	-2.99275	0.99758
5.75748	-12.6426	2.60794	-3.92482	5.61778	-12.8527	5.55	-12.75	-1.81993	1.81994
5.63502	-12.5525	2.62188	-3.97239	5.45219	-12.6228	5.45	-12.65	-1.81994	1.81994
5.53357	-12.4493	2.61992	-4.02538	5.30917	-12.4284	5.35	-12.55	-1.81722	1.81723
5.4199	-12.3516	2.63254	-4.06962	5.25069	-12.4448	5.25	-12.45	-1.81721	1.81721
5.31127	-12.2368	2.66847	-4.12119	5.13338	-12.4375	5.1	-12.35	-2.72881	1.8192
5.19307	-12.1376	2.68462	-4.15551	4.9499	-12.2734	4.95	-12.25	-2.72881	1.81921
5.14481	-12.0332	2.60209	-4.20653	4.92993	-12.1787	4.9	-12.15	-0.908467	1.81693
5.04339	-11.927	2.61334	-4.2413	4.84027	-12.0359	4.85	-12.05	-0.908462	1.81692
4.90378	-11.795	2.72865	-4.26868	4.79909	-11.9738	4.75	-11.9	-1.81788	2.72684
4.81154	-11.675	2.736	-4.30377	4.63814	-11.758	4.65	-11.75	-1.81788	2.72683
4.80325	-11.5502	2.64098	-4.37255	4.50688	-11.4491	4.6	-11.65	-0.909963	1.81994
4.72273	-11.4323	2.64591	-4.40424	4.5399	-11.541	4.55	-11.55	-0.909959	1.81992
4.54895	-11.296	2.78738	-4.38518	4.46798	-11.2692	4.5	-11.35	-0.909227	3.63689
4.49631	-11.1524	2.78828	-4.43046	4.45518	-11.1556	4.45	-11.15	-0.909218	3.63686
4.54724	-11.018	2.67588	-4.52727	4.47788	-11.2387	4.4	-11.05	-0.909227	1.81845
4.49805	-10.8857	2.6756	-4.56332	4.36691	-10.9529	4.35	-10.95	-0.909222	1.81844
4.55872	-10.7373	2.61176	-4.6676	4.34978	-10.6819	4.4	-10.8	0.9094	2.72823
4.53556	-10.6035	2.60984	-4.70928	4.42489	-10.6572	4.45	-10.65	0.909396	2.72819
4.44535	-10.4854	2.64875	-4.69036	4.45256	-10.5332	4.45	-10.5	0	3.00113
4.44568	-10.353	2.64883	-4.73558	4.44692	-10.3512	4.45	-10.35	0	3.00113
4.47019	-10.2154	2.64432	-4.79455	4.41237	-9.99477	4.5	-10.2	0.999524	2.99855
4.49365	-10.0793	2.64701	-4.84553	4.5556	-10.0446	4.55	-10.05	0.999524	2.99856
4.50546	-9.94522	2.65358	-4.88271	4.57379	-9.85032	4.6	-9.9	0.998267	2.9948
4.54641	-9.80759	2.65902	-4.9361	4.65841	-9.75093	4.65	-9.75	0.998262	2.99479
4.74257	-9.65659	2.64257	-5.11869	4.60255	-9.4741	4.7	-9.65	0.910924	1.82187
4.79738	-9.52723	2.64034	-5.1734	4.74425	-9.53907	4.75	-9.55	0.910928	1.82186
4.77147	-9.40364	2.62571	-5.15022	4.78405	-9.35872	4.8	-9.4	0.908038	2.72411
4.84	-9.2726	2.62767	-5.20478	4.87523	-9.25457	4.85	-9.25	0.908033	2.7241
4.8764	-9.14102	2.62521	-5.22381	4.92663	-9.02336	4.95	-9.1	1.81851	2.72776
4.95884	-9.01238	2.6305	-5.27765	5.04624	-8.96378	5.05	-8.95	1.81852	2.72777
4.99799	-8.87941	2.6257	-5.28477	5.1055	-8.72095	5.15	-8.8	1.8165	2.72476
5.0948	-8.75015	2.63695	-5.3373	5.26299	-8.64398	5.25	-8.65	1.8165	2.72475
5.23447	-8.6386	2.65601	-5.43013	5.34134	-8.5519	5.35	-8.55	1.82159	1.8216
5.34143	-8.52402	2.66367	-5.48258	5.43218	-8.43885	5.45	-8.45	1.82157	1.82157
5.37535	-8.4015	2.62951	-5.45886	5.5122	-8.36624	5.5	-8.35	0.908054	1.81609
5.48128	-8.29258	2.63472	-5.50536	5.54143	-8.23537	5.55	-8.25	0.908054	1.8161
5.65203	-8.21171	2.66844	-5.61625	5.72065	-8.20245	5.7	-8.15	2.72851	1.81902
5.77606	-8.11653	2.67584	-5.66661	5.85207	-8.0316	5.85	-8.05	2.72849	1.81899
5.78061	-7.98933	2.58742	-5.58615	5.99121	-7.96746	5.95	-7.9	1.81851	2.72777
5.9034	-7.88767	2.6005	-5.62661	6.04955	-7.75139	6.05	-7.75	1.81852	2.72777
5.99824	-7.78004	2.59038	-5.63241	6.20599	-7.74241	6.15	-7.65	1.81739	1.81739
6.12333	-7.68433	2.60215	-5.6695	6.2473	-7.56333	6.25	-7.55	1.81739	1.81739
6.21125	-7.57171	2.58332	-5.65754	6.39144	-7.48582	6.35	-7.45	1.8164	1.81641
6.3369	-7.47894	2.59451	-5.69015	6.44526	-7.36223	6.45	-7.35	1.81638	1.81638
6.46461	-7.39091	2.60381	-5.72093	6.66209	-7.31025	6.6	-7.25	2.72856	1.81904
6.5994	-7.30043	2.61954	-5.75189	6.74856	-7.14204	6.75	-7.15	2.72856	1.81904
6.68804	-7.18782	2.59064	-5.72449	6.83447	-7.05268	6.85	-7.05	1.82066	1.82066
6.82235	-7.09907	2.60584	-5.75042	6.97717	-6.96144	6.95	-6.95	1.82065	1.82065
6.95324	-7.02768	2.62475	-5.78422	7.13677	-6.88363	7.1	-6.85	2.99976	1.99984
7.08392	-6.94506	2.64419	-5.80596	7.2552	-6.74652	7.25	-6.75	2.99976	1.99984
7.12168	-6.80197	2.57027	-5.70617	7.234	-6.59525	7.3	-6.65	0.999384	1.99876
7.23921	-6.71444	2.58471	-5.71893	7.33491	-6.53948	7.35	-6.55	0.999369	1.99874
7.43987	-6.71135	2.64576	-5.85473	7.67988	-6.69347	7.5	-6.55	2.72747	0
7.57884	-6.6432	2.65388	-5.88019	7.64389	-6.55777	7.65	-6.55	2.72745	0
7.66064	-6.53951	2.59164	-5.82828	7.94309	-6.60222	7.75	-6.45	1.81623	1.81624
7.79509	-6.4645	2.60131	-5.8459	7.84566	-6.34021	7.85	-6.35	1.81623	1.81624
7.94867	-6.41494	2.62833	-5.89414	7.9171	-6.24084	8	-6.3	2.72648	0.908821
8.08914	-6.34813	2.63802	-5.91356	8.14601	-6.23101	8.15	-6.25	2.72645	0.908817
8.1378	-6.20853	2.53419	-5.80418	8.37368	-6.18614	8.25	-6.1	1.81898	2.72847
8.27081	-6.12506	2.54829	-5.81085	8.35502	-5.95811	8.35	-5.95	1.81897	2.72844
8.4377	-6.09564	2.59116	-5.88389	8.43843	-5.87193	8.5	-5.9	2.72647	0.90883
8.57709	-6.02235	2.60379	-5.89518	8.64201	-5.86567	8.65	-5.85	2.72645	0.908817
8.66787	-5.90772	2.55733	-5.83546	8.76652	-5.75601	8.75	-5.75	1.81789	1.81788
8.80201	-5.82614	2.57039	-5.83966	8.85198	-5.65134	8.85	-5.65	1.81789	1.81788
8.94119	-5.75596	2.58666	-5.85458	8.91028	-5.47662	9	-5.55	2.73109	1.82073
9.07895	-5.67127	2.60238	-5.85708	9.13482	-5.45989	9.15	-5.45	2.73106	1.82072
9.17809	-5.55087	2.57219	-5.79847	9.32693	-5.39468	9.25	-5.35	1.81796	1.81795
9.30907	-5.46037	2.58565	-5.79586	9.33045	-5.26019	9.35	-5.25	1.81794	1.81793
9.44385	-5.38177	2.59906	-5.80195	9.4498	-5.12838	9.5	-5.15	2.72905	1.81937
9.57956	-5.28474	2.61715	-5.79703	9.63754	-5.04328	9.65	-5.05	2.72903	1.81935
9.62773	-5.10917	2.56042	-5.66411	9.83281	-5.00671	9.7	-4.95	0.998666	1.99733
9.736	-5.01367	2.57152	-5.65278	9.74856	-4.84745	9.75	-4.85	0.998656	1.99731
9.84088	-4.89549	2.57215	-5.61437	9.96003	-4.81123	9.85	-4.75	1.8172	1.81719
9.9526	-4.79181	2.57945	-5.602	9.93394	-4.66432	9.95	-4.65	1.81717	1.81717
10.0568	-4.67879	2.58194	-5.57344	10.1357	-4.58625	10.05	-4.55	1.82042	1.82043
10.1647	-4.57036	2.58937	-5.55958	10.1444	-4.44253	10.15	-4.45	1.82041	1.82042
10.3118	-4.52274	2.60791	-5.62098	10.3185	-4.35401	10.3	-4.35	2.72672	1.81782
10.4286	-4.41345	2.61988	-5.61077	10.4496	-4.24828	10.45	-4.25	2.7267	1.8178
10.4475	-4.20928	2.5699	-5.45259	10.5826	-4.11494	10.5	-4.1	0.908764	2.72628
10.5445	-4.08704	2.57962	-5.43221	10.5542	-3.95161	10.55	-3.95	0.908764	2.72628
10.6306	-3.95576	2.58586	-5.39667	10.6618	-3.807	10.65	-3.8	1.8194	2.72911
10.7238	-3.82347	2.59918	-5.374	10.7602	-3.65417	10.75	-3.65	1.81939	2.72908
10.8378	-3.73109	2.60654	-5.39718	10.8593	-3.57039	10.85	-3.55	1.81839	1.81838
10.9296	-3.6028	2.61642	-5.37881	10.9375	-3.46792	10.95	-3.45	1.81838	1.81838
10.9624	-3.42477	2.61064	-5.27712	11.0183	-3.30073	11	-3.3	0.908549	2.72563
11.0409	-3.28536	2.62176	-5.2525	11.0672	-3.14607	11.05	-3.15	0.908549	2.72564
11.0872	-3.12424	2.6288	-5.18711	11.1054	-3.01303	11.1	-3	0.90888	2.72663
11.1521	-2.97911	2.63816	-5.15954	11.1428	-2.8481	11.15	-2.85	0.908863	2.72661
11.1998	-2.82648	2.64561	-5.11337	11.1758	-2.69942	11.2	-2.7	0.909988	2.72995
11.2552	-2.67596	2.65555	-5.08449	11.2495	-2.5409	11.25	-2.55	0.909988	2.72995
11.1776	-2.42889	2.6844	-4.87385	11.4549	-2.46508	11.2	-2.4	-0.907692	2.72306
11.1969	-2.27829	2.68649	-4.83367	11.1705	-2.24061	11.15	-2.25	-0.907683	2.72304
11.3325	-2.24479	2.59859	-4.97443	11.2202	-2.08177	11.25	-2.1	1.8219	2.73284
11.3672	-2.09298	2.60739	-4.94627	11.3536	-1.97104	11.35	-1.95	1.82188	2.73281
11.3521	-1.9252	2.61566	-4.86483	11.224	-1.77367	11.35	-1.8	0	2.71996
11.3718	-1.76848	2.62514	-4.83277	11.3661	-1.64386	11.35	-1.65	0	2.71993
11.3685	-1.61059	2.63406	-4.78092	11.2691	-1.47976	11.35	-1.5	0	2.73448
11.3741	-1.45437	2.64187	-4.74752	11.3391	-1.34511	11.35	-1.35	0	2.73446
11.2241	-1.26369	2.68992	-4.53876	11.2507	-1.19626	11.25	-1.2	-1.99969	2.99952
11.1955	-1.12323	2.6954	-4.49623	11.1532	-1.04324	11.15	-1.05	-1.99967	2.99949
11.1269	-0.96866	2.7283	-4.41105	10.9697	-0.89157	11.1	-0.9	-1.00006	3.00024
11.0826	-0.830349	2.73476	-4.36632	11.0654	-0.742685	11.05	-0.75	-1.00006	3.00021
10.9698	-0.665216	2.78813	-4.2495	10.8913	-0.655608	10.95	-0.649999	-1.81771	1.81773
10.8943	-0.531754	2.7862	-4.19498	10.8418	-0.549005	10.85	-0.549999	-1.81772	1.81773
10.8006	-0.398178	2.80067	-4.12462	10.827	-0.442912	10.75	-0.45	-1.81842	1.8184
10.7087	-0.279942	2.79475	-4.0684	10.6642	-0.353413	10.65	-0.35	-1.8184	1.81839
10.5164	-0.152682	2.91477	-3.90132	10.5503	-0.248633	10.5	-0.25	-3.00035	2.00024
10.404	-0.066173	2.90669	-3.8408	10.3487	-0.171899	10.35	-0.15	-3.00032	2.00022
10.3042	0.0095787	2.87347	-3.79663	10.2559	-0.115293	10.25	-0.0999996	-2.00053	1.00027
10.1842	0.0808692	2.86438	-3.73593	10.137	-0.0462889	10.15	-0.0499992	-2.00053	1.00027
10.0907	0.140471	2.8054	-3.70356	10.0717	0.0165033	10.05	9.49949e-07	-2.00009	1.00004
9.96662	0.197236	2.79579	-3.64328	9.92833	0.0556031	9.95	0.0500011	-2.00006	1.00003
9.8155	0.250454	2.83758	-3.55889	9.8478	0.0279858	9.8	0.0500011	-3.00025	0
9.68047	0.278569	2.8219	-3.49205	9.65029	0.0372757	9.65	0.0500011	-3.00024	0
9.52985	0.314141	2.85284	-3.41702	9.54682	0.0997641	9.5	0.100001	-2.99825	0.999409
9.38676	0.327632	2.8419	-3.34845	9.33515	0.138463	9.35	0.15	-2.99825	0.999409
9.27799	0.28956	2.68739	-3.28442	9.46113	0.134275	9.25	0.15	-1.81915	0
9.13054	0.290828	2.68041	-3.21262	9.13787	0.161547	9.15	0.15	-1.81913	0
8.9813	0.314368	2.73622	-3.15587	9.02723	0.196492	9	0.2	-2.99927	0.99976
8.8429	0.305559	2.73437	-3.09274	8.82128	0.250523	8.85	0.25	-2.99927	0.99976
8.69454	0.31724	2.77871	-3.04352	8.67607	0.247512	8.7	0.25	-2.99873	0
8.55608	0.293903	2.77756	-2.98119	8.54916	0.247046	8.55	0.25	-2.99871	0
8.41211	0.247763	2.75757	-2.90546	8.44086	0.253341	8.4	0.25	-2.72872	0
8.26441	0.212872	2.75907	-2.84235	8.2302	0.258614	8.25	0.25	-2.72871	0
8.1188	0.222847	2.80355	-2.82172	8.1066	0.204722	8.1	0.2	-2.99909	-0.9997
7.98496	0.170037	2.80468	-2.76108	7.94777	0.127954	7.95	0.15	-2.9991	-0.9997
7.83384	0.187108	2.85233	-2.75972	7.82213	0.149733	7.8	0.15	-3.00101	0
7.69959	0.132321	2.85394	-2.70573	7.63383	0.15164	7.65	0.15	-3.00099	0
7.55663	0.0721561	2.85661	-2.65243	7.49691	0.101076	7.5	0.100001	-2.72698	-0.908982
7.41671	0.000886714	2.8569	-2.59601	7.35046	0.0656199	7.35	0.0500011	-2.72695	-0.908974
7.31176	-0.112656	2.8401	-2.50692	7.13188	-0.00451978	7.25	9.49949e-07	-2.00032	-1.00016
7.19738	-0.187626	2.83715	-2.45694	7.14965	-0.0559868	7.15	-0.0499992	-2.0003	-1.00015
7.027	-0.147891	2.84456	-2.5184	6.77233	-0.150907	7	-0.15	-2.72534	-1.8169
6.90015	-0.241566	2.84525	-2.46463	6.85872	-0.227918	6.85	-0.25	-2.72532	-1.81688
6.85797	-0.463799	2.82517	-2.28941	6.70421	-0.347264	6.8	-0.349999	-1.00053	-2.00107
6.76717	-0.563087	2.82065	-2.23699	6.74687	-0.441006	6.75	-0.449999	-1.00054	-2.00107
6.65675	-0.600006	2.79667	-2.24732	6.72084	-0.550555	6.65	-0.549999	-2.00016	-2.00017
6.57107	-0.705762	2.79392	-2.19668	6.54837	-0.624094	6.55	-0.65	-2.00016	-2.00017
6.52823	-0.881783	2.81023	-2.0768	6.40088	-0.78131	6.5	-0.799999	-0.999884	-2.99963
6.46299	-1.00388	2.80878	-2.02091	6.44859	-0.960126	6.45	-0.949999	-0.999884	-2.99963
6.41798	-1.14867	2.81792	-1.94227	6.37766	-1.0844	6.4	-1.1	-0.999984	-2.99995
6.37003	-1.27939	2.81681	-1.88467	6.35596	-1.24356	6.35	-1.25	-0.999969	-2.99992
6.37057	-1.46796	2.85886	-1.76128	6.5527	-1.43518	6.35	-1.4	0	-3.00132
6.34863	-1.6061	2.85647	-1.69924	6.35503	-1.55184	6.35	-1.55	0	-3.00129
6.32426	-1.73457	2.82665	-1.65332	6.33086	-1.6454	6.35	-1.65	0	-1.81769
6.31921	-1.88285	2.82052	-1.58607	6.34356	-1.7483	6.35	-1.75	0	-1.81769
6.34022	-2.0368	2.84179	-1.50018	6.34522	-1.96081	6.35	-1.95	0	-3.99976
6.35427	-2.17561	2.83994	-1.43752	6.34095	-2.12276	6.35	-2.15	0	-3.99972
6.33863	-2.26973	2.75973	-1.43151	6.3068	-2.23646	6.35	-2.25	0	-2
6.36141	-2.40334	2.75793	-1.37259	6.34785	-2.35274	6.35	-2.35	0	-1.99998
6.36391	-2.51261	2.70596	-1.34968	6.26272	-2.46894	6.35	-2.5	0	-3
6.39498	-2.64411	2.70666	-1.29407	6.36265	-2.64414	6.35	-2.65	0	-3
6.44824	-2.78618	2.73708	-1.22059	6.38105	-2.77438	6.4	-2.8	1.00003	-3.00012
6.49577	-2.9157	2.7393	-1.16442	6.461	-2.95066	6.45	-2.95	1.00003	-3.00009
6.56726	-3.06736	2.79788	-1.08677	6.50958	-3.15806	6.5	-3.15	0.999284	-3.99712
6.62749	-3.1999	2.80641	-1.03295	6.55345	-3.36165	6.55	-3.35	0.999284	-3.99712
6.66787	-3.30741	2.7146	-1.00908	6.64067	-3.46888	6.6	-3.45	0.909922	-1.81983
6.74038	-3.44068	2.72129	-0.954074	6.63536	-3.55462	6.65	-3.55	0.909917	-1.81984
6.81078	-3.56532	2.73469	-0.906199	6.70376	-3.69784	6.7	-3.7	0.999335	-2.99802
6.8835	-3.68502	2.74336	-0.860651	6.75151	-3.84595	6.75	-3.85	0.99934	-2.99802
6.94783	-3.79565	2.69089	-0.826281	6.65288	-3.91672	6.8	-4	0.908549	-2.72564
7.0303	-3.92431	2.70228	-0.783264	6.85764	-4.15466	6.85	-4.15	0.908537	-2.72561
7.08394	-4.00272	2.5758	-0.757633	6.9447	-4.2991	6.9	-4.25	0.90988	-1.81977
7.16401	-4.12284	2.58552	-0.721166	6.94846	-4.34203	6.95	-4.35	0.909876	-1.81975
7.23554	-4.23449	2.58637	-0.694281	7.09552	-4.55441	7	-4.5	1.00008	-3.00024
7.30392	-4.35095	2.59722	-0.672111	7.03506	-4.6461	7.05	-4.65	1.00008	-3.00024
7.39835	-4.5091	2.70288	-0.65321	7.25009	-4.88515	7.15	-4.8	1.99984	-2.99976
7.47783	-4.62644	2.71235	-0.633324	7.26242	-4.9318	7.25	-4.95	1.99984	-2.99976
7.53693	-4.69688	2.61488	-0.609353	7.33292	-5.08676	7.3	-5.05	1.00028	-2.00057
7.61007	-4.81494	2.62298	-0.59752	7.3521	-5.15533	7.35	-5.15	1.00028	-2.00056
7.68232	-4.919	2.6051	-0.582983	7.40318	-5.28627	7.4	-5.3	1.00003	-3.00012
7.74928	-5.04508	2.61177	-0.581465	7.44098	-5.44336	7.45	-5.45	1.00004	-3.00012
7.82867	-5.16942	2.63243	-0.576643	7.46878	-5.50726	7.55	-5.55	1.99961	-1.99961
7.90389	-5.29074	2.63688	-0.573983	7.66561	-5.647	7.65	-5.65	1.9996	-1.9996
7.97597	-5.39474	2.61234	-0.566206	7.70927	-5.8194	7.7	-5.8	1.00027	-3.00084
8.04214	-5.52846	2.61558	-0.575544	7.75724	-5.96146	7.75	-5.95	1.00028	-3.00084
8.12511	-5.65275	2.6376	-0.576143	7.71187	-5.94164	7.85	-6.05	1.9998	-1.99981
8.19683	-5.78091	2.63861	-0.58348	7.95005	-6.14609	7.95	-6.15	1.9998	-1.9998
8.25631	-5.86245	2.56359	-0.573809	8.03808	-6.28852	8	-6.25	1.00004	-2.00008
8.32096	-5.99226	2.56257	-0.586413	8.04346	-6.35767	8.05	-6.35	1.00004	-2.00008
8.42961	-6.14724	2.6623	-0.598348	8.1071	-6.48544	8.15	-6.5	1.99951	-2.99928
8.498	-6.28412	2.66138	-0.614507	8.25742	-6.66007	8.25	-6.65	1.9995	-2.99925
8.55274	-6.36529	2.54746	-0.607322	8.38768	-6.7963	8.3	-6.75	0.90921	-1.81841
8.61993	-6.51106	2.54434	-0.627036	8.33159	-6.8699	8.35	-6.85	0.90921	-1.81841
8.70801	-6.63903	2.57605	-0.63446	8.58336	-7.15056	8.4	-7	1.0001	-3.00036
8.76064	-6.78471	2.57239	-0.661819	8.45779	-7.15285	8.45	-7.15	1.00011	-3.00036
8.84702	-6.9081	2.6035	-0.667234	8.37938	-7.10665	8.55	-7.25	1.99907	-1.99908
8.9055	-7.04659	2.60038	-0.689655	8.647	-7.3454	8.65	-7.35	1.99908	-1.99908
8.99448	-7.17334	2.63211	-0.695672	8.76035	-7.57239	8.7	-7.5	1.00058	-3.00174
9.04516	-7.32374	2.62932	-0.726099	8.76121	-7.66039	8.75	-7.65	1.00057	-3.00171
9.07834	-7.43051	2.5471	-0.746894	8.81118	-7.75569	8.8	-7.75	0.999844	-1.99968
9.1251	-7.57308	2.5441	-0.77466	8.84363	-7.83628	8.85	-7.85	0.999844	-1.99968
9.26875	-7.70541	2.67908	-0.753116	9.07758	-8.1058	8.95	-8	2.00017	-3.00024
9.31777	-7.85795	2.6783	-0.784376	9.05238	-8.15838	9.05	-8.15	2.00014	-3.00021
9.34964	-7.97239	2.6054	-0.810403	9.05557	-8.22632	9.1	-8.25	0.998905	-1.99781
9.3964	-8.11729	2.60491	-0.838146	9.15492	-8.35136	9.15	-8.35	0.998886	-1.99779
9.45962	-8.24816	2.58407	-0.854485	9.30408	-8.57245	9.2	-8.5	0.908863	-2.72657
9.50616	-8.40824	2.58478	-0.886115	9.2543	-8.64461	9.25	-8.65	0.908855	-2.72655
9.56114	-8.54163	2.56786	-0.905335	9.15971	-8.67035	9.3	-8.8	0.909475	-2.72841
9.59938	-8.70715	2.57053	-0.940778	9.35164	-8.95148	9.35	-8.95	0.909466	-2.72839
9.702	-8.83068	2.6341	-0.924019	9.47941	-9.179	9.4	-9.1	0.999765	-2.99935
9.72732	-8.99268	2.6382	-0.962881	9.44272	-9.24111	9.45	-9.25	0.999774	-2.99934
9.72228	-9.13955	2.55414	-1.02245	9.53008	-9.38561	9.5	-9.35	0.908962	-1.81792
9.76022	-9.29407	2.55748	-1.04987	9.5752	-9.43724	9.55	-9.45	0.908954	-1.8179
9.80824	-9.4328	2.55308	-1.06835	9.60163	-9.60777	9.6	-9.6	0.909988	-2.72996
9.83547	-9.5941	2.55856	-1.10051	9.62903	-9.75552	9.65	-9.75	0.909971	-2.72993
9.90979	-9.72853	2.58434	-1.09508	9.69155	-9.89957	9.7	-9.9	0.907972	-2.7239
9.93652	-9.89086	2.59122	-1.12566	9.74482	-10.046	9.75	-10.05	0.907972	-2.72391
9.92596	-10.0411	2.54222	-1.18456	9.69256	-10.1336	9.75	-10.2	0	-2.73106
9.9406	-10.2041	2.55007	-1.21773	9.75264	-10.3488	9.75	-10.35	0	-2.73105
10.0591	-10.3161	2.61588	-1.16001	9.8242	-10.5024	9.8	-10.5	1	-2.99999
10.066	-10.4753	2.62699	-1.19424	9.83234	-10.6514	9.85	-10.65	0.999994	-2.99996
10.0882	-10.611	2.62178	-1.21761	9.82501	-10.7525	9.85	-10.8	0	-3.00047
10.087	-10.7738	2.63475	-1.25394	9.85033	-10.9603	9.85	-10.95	0	-3.00048
9.99294	-10.929	2.55407	-1.37329	9.91881	-11.1448	9.85	-11.05	0	-1.9956
9.99335	-11.0727	2.56061	-1.40082	9.86057	-11.1502	9.85	-11.15	0	-1.99559
9.9848	-11.2225	2.5532	-1.44106	9.83851	-11.2795	9.85	-11.3	0	-2.73184
9.97772	-11.3784	2.5603	-1.47103	9.83839	-11.4483	9.85	-11.45	0	-2.73182
9.95754	-11.5166	2.55493	-1.51221	9.79654	-11.5922	9.8	-11.6	-0.998566	-2.9957
9.93448	-11.6639	2.56454	-1.5449	9.75592	-11.7487	9.75	-11.75	-0.998566	-2.99569
9.95012	-11.8072	2.57379	-1.54781	9.77699	-11.9246	9.75	-11.9	0	-2.73084
9.92473	-11.9662	2.58385	-1.57973	9.75861	-12.0491	9.75	-12.05	0	-2.73085
9.79367	-12.1256	2.55366	-1.71217	9.63743	-12.1863	9.65	-12.2	-1.81598	-2.72396
9.74408	-12.2802	2.56396	-1.75079	9.56514	-12.3446	9.55	-12.35	-1.81597	-2.72396
9.49829	-12.4482	2.55292	-1.97845	9.47157	-12.4849	9.45	-12.45	-1.82132	-1.82133
9.43082	-12.5763	2.55415	-2.01935	9.34752	-12.5408	9.35	-12.55	-1.82131	-1.82131
9.32743	-12.7075	2.56249	-2.09406	9.32154	-12.7193	9.3	-12.65	-0.908038	-1.81606
9.25577	-12.822	2.55852	-2.13268	9.24151	-12.7411	9.25	-12.75	-0.908029	-1.81605
8.95603	-12.9373	2.60887	-2.38944	9.04013	-12.7738	9.05	-12.85	-3.64007	-1.82004
8.85018	-13.0261	2.60487	-2.44163	8.83995	-12.9425	8.85	-12.95	-3.64007	-1.82003
8.66415	-13.1031	2.64825	-2.57455	8.73518	-13.0163	8.75	-13	-1.9959	-0.997948
8.56168	-13.1601	2.63886	-2.62459	8.6395	-13.0341	8.65	-13.05	-1.9959	-0.997948
8.37659	-13.2133	2.67621	-2.74561	8.48414	-13.0416	8.5	-13.1	-2.73149	-0.910502
8.25061	-13.2559	2.66724	-2.80582	8.34268	-13.1451	8.35	-13.15	-2.73146	-0.910485
8.11851	-13.2994	2.66058	-2.86186	8.19497	-13.1991	8.2	-13.2	-2.72385	-0.907955
7.98519	-13.3277	2.65323	-2.92326	8.06107	-13.2364	8.05	-13.25	-2.72383	-0.907947
7.81512	-13.3332	2.67981	-3.02309	7.88931	-13.1791	7.9	-13.25	-2.72673	0
7.67695	-13.3377	2.67203	-3.08807	7.75593	-13.2425	7.75	-13.25	-2.72673	0
7.51878	-13.3268	2.68661	-3.17122	7.52542	-13.1457	7.6	-13.25	-2.72991	0
7.37904	-13.3106	2.67981	-3.23818	7.44992	-13.2329	7.45	-13.25	-2.72991	0
7.18223	-13.2362	2.76728	-3.38379	7.19347	-13.1392	7.25	-13.2	-3.63887	0.909723
7.03806	-13.1917	2.76515	-3.45638	7.05468	-13.1604	7.05	-13.15	-3.63887	0.909723
6.94041	-13.1829	2.66154	-3.46612	6.90569	-13.1515	6.9	-13.15	-2.72312	0
6.79738	-13.1332	2.66546	-3.53298	6.73255	-13.1364	6.75	-13.15	-2.72312	0
6.7019	-13.1219	2.59108	-3.54579	6.69426	-13.3705	6.6	-13.15	-3.00475	0
6.57011	-13.0765	2.60205	-3.59938	6.42749	-13.1436	6.45	-13.15	-3.00472	0
6.46463	-13.0413	2.56366	-3.63112	6.4246	-13.2048	6.35	-13.1	-1.9976	0.998786
6.34263	-12.9861	2.57171	-3.68259	6.2503	-13.0552	6.25	-13.05	-1.99758	0.998786
6.22746	-12.9311	2.54419	-3.72464	6.162	-13.1569	6.1	-13	-2.72732	0.909111
6.09613	-12.862	2.55606	-3.77699	5.95166	-12.9396	5.95	-12.95	-2.72732	0.909111
5.98616	-12.7959	2.5267	-3.81789	5.78183	-12.8825	5.8	-12.9	-2.72895	0.909657
5.85385	-12.724	2.5438	-3.86266	5.64785	-12.8416	5.65	-12.85	-2.72896	0.909648
5.73627	-12.6294	2.56808	-3.92025	5.54035	-12.7925	5.55	-12.75	-1.81808	1.81809
5.61343	-12.5448	2.58248	-3.96397	5.43842	-12.6552	5.45	-12.65	-1.81809	1.81809
5.49904	-12.4359	2.6202	-4.02143	5.33087	-12.5965	5.3	-12.55	-2.7236	1.81575
5.3729	-12.3441	2.63889	-4.05828	5.12059	-12.4527	5.15	-12.45	-2.72358	1.81572
5.28652	-12.2478	2.6096	-4.1011	5.13793	-12.5907	5.05	-12.35	-1.81967	1.81966
5.17279	-12.1471	2.6243	-4.13697	4.95241	-12.2277	4.95	-12.25	-1.81967	1.81967
5.04924	-12.0186	2.7042	-4.18205	4.81467	-12.1072	4.85	-12.1	-1.81844	2.72766
4.94568	-11.904	2.71542	-4.21844	4.75144	-11.9561	4.75	-11.95	-1.81844	2.72767
4.91068	-11.7886	2.63315	-4.27426	4.6829	-11.7433	4.7	-11.85	-0.909557	1.8191
4.82477	-11.6716	2.63995	-4.31066	4.67603	-11.7496	4.65	-11.75	-0.909553	1.81911
4.75096	-11.543	2.65356	-4.35225	4.61619	-11.6508	4.6	-11.6	-0.907782	2.72335
4.67917	-11.4153	2.6583	-4.39071	4.5432	-11.4431	4.55	-11.45	-0.907778	2.72334
4.50158	-11.2717	2.81566	-4.37275	4.48104	-11.1618	4.5	-11.25	-0.910253	3.64099
4.45467	-11.1209	2.81705	-4.42234	4.44374	-11.0696	4.45	-11.05	-0.910253	3.64099
4.55002	-10.9828	2.65818	-4.54297	4.46178	-10.9843	4.45	-10.95	0	1.81804
4.516	-10.8439	2.65857	-4.58708	4.4464	-10.8663	4.45	-10.85	0	1.81805
4.62951	-10.6955	2.56671	-4.72431	4.60972	-11.1274	4.45	-10.75	0	1.81614
4.60528	-10.5674	2.56442	-4.76326	4.43858	-10.6346	4.45	-10.65	0	1.81614
4.39958	-10.4566	2.6438	-4.65783	4.43099	-10.4242	4.45	-10.45	0	3.6396
4.40342	-10.3053	2.64671	-4.70941	4.44616	-10.2449	4.45	-10.25	0	3.6396
4.44625	-10.1567	2.63182	-4.78406	4.52156	-10.1192	4.5	-10.1	0.910021	2.73005
4.47317	-10.0056	2.63616	-4.83952	4.55225	-9.94382	4.55	-9.95	0.910013	2.73003
4.45819	-9.87026	2.65343	-4.85309	4.5897	-9.73457	4.6	-9.8	0.999085	2.99725
4.50017	-9.7295	2.66086	-4.90611	4.64586	-9.65356	4.65	-9.65	0.99908	2.99724
4.65611	-9.57969	2.64534	-5.05387	4.61159	-9.38621	4.7	-9.55	0.910095	1.82021
4.71186	-9.44428	2.64583	-5.1082	4.7442	-9.45683	4.75	-9.45	0.910091	1.82018
4.74044	-9.32112	2.64606	-5.13205	4.80746	-9.23434	4.85	-9.3	1.99828	2.99743
4.81119	-9.19646	2.65224	-5.18458	4.94202	-9.15915	4.95	-9.15	1.99826	2.99739
4.80515	-9.06087	2.64351	-5.16243	5.03379	-9.03255	5	-9	0.908384	2.72514
4.88868	-8.92305	2.65344	-5.21555	5.06039	-8.84271	5.05	-8.85	0.908384	2.72514
5.03707	-8.80118	2.67014	-5.32624	5.21058	-8.83852	5.15	-8.75	1.81679	1.8168
5.13636	-8.67972	2.67629	-5.38091	5.26598	-8.6555	5.25	-8.65	1.81679	1.8168
5.18454	-8.55559	2.66032	-5.3829	5.33786	-8.49992	5.35	-8.5	1.82017	2.73024
5.2906	-8.43624	2.66942	-5.43356	5.43516	-8.36367	5.45	-8.35	1.82015	2.73022
5.39449	-8.32186	2.67424	-5.478	5.58025	-8.28767	5.55	-8.25	1.81852	1.81852
5.51022	-8.21331	2.68213	-5.52763	5.65225	-8.1686	5.65	-8.15	1.8185	1.8185
5.6189	-8.1082	2.68276	-5.56633	5.83663	-8.14888	5.75	-8.05	1.81752	1.81753
5.7384	-8.00863	2.68862	-5.61341	5.81186	-7.95139	5.85	-7.95	1.81752	1.81752
5.82953	-7.90508	2.67114	-5.62557	5.99151	-7.92468	5.95	-7.85	1.8194	1.8194
5.95481	-7.8119	2.67815	-5.66973	6.04627	-7.74932	6.05	-7.75	1.81941	1.8194
5.98871	-7.67849	2.6157	-5.60631	6.05883	-7.47931	6.15	-7.6	1.81742	2.72613
6.11431	-7.57708	2.62927	-5.64134	6.26179	-7.43797	6.25	-7.45	1.8174	2.72611
6.25419	-7.49078	2.64884	-5.69371	6.3458	-7.29797	6.4	-7.35	2.7248	1.81653
6.3899	-7.3968	2.66426	-5.72899	6.55234	-7.24441	6.55	-7.25	2.72477	1.81651
6.51805	-7.30997	2.66895	-5.75834	6.61964	-7.17343	6.65	-7.2	1.81957	0.909789
6.65355	-7.23059	2.67743	-5.79332	6.74556	-7.15305	6.75	-7.15	1.81957	0.909785
6.77821	-7.14596	2.67294	-5.81037	6.91901	-7.04822	6.9	-7.05	2.72946	1.81964
6.92188	-7.06733	2.68694	-5.84222	7.06886	-6.94012	7.05	-6.95	2.72946	1.81964
6.99873	-6.94981	2.62796	-5.78984	7.12574	-6.81829	7.15	-6.85	1.81554	1.81554
7.13696	-6.86861	2.64084	-5.81411	7.25262	-6.73852	7.25	-6.75	1.81554	1.81554
7.22375	-6.74916	2.60123	-5.76638	7.30586	-6.61905	7.35	-6.65	1.82007	1.82007
7.35759	-6.66546	2.61342	-5.78422	7.45762	-6.53827	7.45	-6.55	1.82005	1.82005
7.51434	-6.6144	2.64272	-5.84144	7.59546	-6.48319	7.6	-6.5	2.72628	0.908764
7.65416	-6.5426	2.65263	-5.86267	7.74315	-6.44913	7.75	-6.45	2.72628	0.908764
7.76543	-6.45446	2.6287	-5.84665	7.8486	-6.40709	7.85	-6.4	1.81656	0.908285
7.90187	-6.38857	2.63436	-5.86597	7.9584	-6.34152	7.95	-6.35	1.81656	0.908281
8.02009	-6.30761	2.61965	-5.85833	8.05398	-6.23227	8.1	-6.25	2.73006	1.82003
8.15949	-6.23793	2.6295	-5.87353	8.24773	-6.1485	8.25	-6.15	2.73005	1.82003
8.29372	-6.16434	2.63336	-5.88121	8.32369	-5.98136	8.4	-6.05	2.72692	1.81795
8.43827	-6.08955	2.64819	-5.89283	8.55156	-5.93992	8.55	-5.95	2.7269	1.81794
8.53487	-5.9751	2.60636	-5.83698	8.63806	-5.84559	8.65	-5.85	1.81844	1.81844
8.67303	-5.89557	2.61923	-5.84284	8.7543	-5.75242	8.75	-5.75	1.81843	1.81843
8.80997	-5.81944	2.62751	-5.84673	9.00947	-5.71389	8.9	-5.65	2.72464	1.81643
8.95284	-5.7337	2.6449	-5.84942	9.06113	-5.54128	9.05	-5.55	2.72465	1.81643
9.05599	-5.61359	2.61855	-5.79463	9.13938	-5.44533	9.15	-5.45	1.81916	1.81918
9.19084	-5.52235	2.63293	-5.79243	9.24452	-5.3352	9.25	-5.35	1.81916	1.81916
9.30909	-5.42513	2.62851	-5.77105	9.26221	-5.25032	9.35	-5.3	1.81895	0.909466
9.43686	-5.34387	2.6339	-5.77124	9.43645	-5.25801	9.45	-5.25	1.81894	0.90947
9.51584	-5.19109	2.59678	-5.67558	9.71784	-5.19928	9.55	-5.1	1.81986	2.72981
9.63636	-5.0917	2.60633	-5.66593	9.64908	-4.9531	9.65	-4.95	1.81987	2.72981
9.73608	-4.96706	2.60193	-5.61984	9.67182	-4.82288	9.75	-4.85	1.81736	1.81735
9.85166	-4.86358	2.61027	-5.60811	9.86682	-4.74721	9.85	-4.75	1.81736	1.81735
9.94787	-4.7378	2.60789	-5.56356	9.94653	-4.64316	9.95	-4.65	1.81806	1.81805
10.0576	-4.63144	2.61437	-5.55037	10.0706	-4.54316	10.05	-4.55	1.81805	1.81805
10.21	-4.59019	2.6322	-5.61777	10.4074	-4.52899	10.2	-4.45	2.72609	1.8174
10.3268	-4.4837	2.64188	-5.60852	10.3431	-4.35107	10.35	-4.35	2.72606	1.81737
10.3506	-4.28732	2.59439	-5.46108	10.3837	-4.17982	10.4	-4.2	0.908945	2.72688
10.4489	-4.16949	2.60162	-5.44256	10.4578	-4.07071	10.45	-4.05	0.908953	2.72687
10.5637	-4.08027	2.60821	-5.45946	10.5531	-3.94939	10.55	-3.95	1.81903	1.81904
10.6607	-3.95991	2.61575	-5.44261	10.6424	-3.84126	10.65	-3.85	1.81902	1.81903
10.7516	-3.83652	2.62043	-5.4201	10.6157	-3.63689	10.75	-3.7	1.81931	2.72896
10.8469	-3.70568	2.63273	-5.40112	10.8572	-3.53957	10.85	-3.55	1.81931	2.72896
10.8898	-3.55101	2.63079	-5.32375	10.8149	-3.35552	10.9	-3.4	0.999745	2.99928
10.9643	-3.42175	2.64221	-5.30143	10.9372	-3.24816	10.95	-3.25	0.999754	2.99928
11.0856	-3.33278	2.64826	-5.34618	10.9078	-3.10703	11.05	-3.15	1.81764	1.81765
11.17	-3.19799	2.65727	-5.32809	11.135	-3.05697	11.15	-3.05	1.81763	1.81764
11.2089	-3.03527	2.65236	-5.2519	11.1507	-2.87978	11.2	-2.9	0.909657	2.72896
11.282	-2.89166	2.66261	-5.22908	11.2571	-2.74346	11.25	-2.75	0.909648	2.72893
11.189	-2.64049	2.66217	-4.98971	11.2614	-2.58697	11.2	-2.6	-0.998725	2.99617
11.2186	-2.50593	2.66365	-4.95585	11.1393	-2.45312	11.15	-2.45	-0.998725	2.99616
11.2807	-2.39228	2.64577	-4.96771	11.2346	-2.28949	11.2	-2.3	0.908813	2.72643
11.311	-2.24236	2.64947	-4.93373	11.239	-2.16508	11.25	-2.15	0.908805	2.7264
11.3691	-2.11728	2.64029	-4.94346	11.1623	-1.9797	11.3	-2	0.909855	2.72956
11.3971	-1.96322	2.64729	-4.9123	11.3424	-1.85113	11.35	-1.85	0.909847	2.72953
